OrderID;EmployeeID;CustomerID;Date
5595;14;302;1/01/09
5596;7;274;1/01/09
5597;13;312;1/01/09
5598;16;115;1/01/09
5599;15;207;5/01/09
5600;19;227;5/01/09
5601;16;280;5/01/09
5602;11;178;6/01/09
5603;6;164;7/01/09
5604;18;307;7/01/09
5605;5;117;9/01/09
5606;6;127;11/01/09
5607;3;206;12/01/09
5608;17;280;12/01/09
5609;11;138;13/01/09
5610;6;276;13/01/09
5611;12;229;14/01/09
5612;4;154;14/01/09
5613;7;277;15/01/09
5614;18;266;15/01/09
5615;10;288;15/01/09
5616;8;212;15/01/09
5617;16;263;15/01/09
5618;16;306;15/01/09
5619;6;256;16/01/09
5620;6;247;16/01/09
5621;18;212;18/01/09
5622;20;268;18/01/09
5623;6;303;18/01/09
5624;15;133;19/01/09
5625;8;141;21/01/09
5626;16;277;21/01/09
5627;3;262;21/01/09
5628;20;170;21/01/09
5629;13;127;21/01/09
5630;6;155;21/01/09
5631;12;286;22/01/09
5632;10;273;22/01/09
5633;19;230;27/01/09
5634;20;136;27/01/09
5635;20;306;29/01/09
5636;17;298;29/01/09
5637;2;173;30/01/09
5638;10;293;30/01/09
5639;5;137;31/01/09
5640;12;154;31/01/09
5641;10;283;1/02/09
5642;17;256;1/02/09
5643;1;117;1/02/09
5644;20;250;1/02/09
5645;13;217;2/02/09
5646;11;170;3/02/09
5647;15;184;3/02/09
5648;16;208;4/02/09
5649;3;226;4/02/09
5650;5;125;5/02/09
5651;10;250;7/02/09
5652;14;295;7/02/09
5653;14;287;7/02/09
5654;4;207;9/02/09
5655;18;105;9/02/09
5656;2;315;9/02/09
5657;19;204;9/02/09
5658;10;127;10/02/09
5659;9;272;10/02/09
5660;11;121;10/02/09
5661;4;226;10/02/09
5662;5;232;10/02/09
5663;9;122;11/02/09
5664;18;180;11/02/09
5665;15;272;11/02/09
5666;18;284;11/02/09
5667;16;272;13/02/09
5668;16;223;13/02/09
5669;3;220;13/02/09
5670;15;267;13/02/09
5671;11;199;14/02/09
5672;18;109;14/02/09
5673;3;253;15/02/09
5674;11;169;15/02/09
5675;14;169;16/02/09
5676;20;133;16/02/09
5677;10;180;17/02/09
5678;20;280;17/02/09
5679;19;138;18/02/09
5680;19;260;18/02/09
5681;17;238;19/02/09
5682;18;105;19/02/09
5683;5;181;19/02/09
5684;1;109;19/02/09
5685;17;137;20/02/09
5686;9;304;21/02/09
5687;9;240;22/02/09
5688;6;233;22/02/09
5689;6;216;22/02/09
5690;1;120;22/02/09
5691;8;111;22/02/09
5692;20;133;23/02/09
5693;7;187;23/02/09
5694;17;246;25/02/09
5695;3;163;25/02/09
5696;3;201;27/02/09
5697;18;286;27/02/09
5698;9;229;28/02/09
5699;10;259;28/02/09
5700;16;247;28/02/09
5701;7;235;3/03/09
5702;13;144;3/03/09
5703;2;145;3/03/09
5704;2;213;4/03/09
5705;16;154;4/03/09
5706;2;235;4/03/09
5707;20;148;4/03/09
5708;8;175;5/03/09
5709;16;290;5/03/09
5710;2;133;5/03/09
5711;11;147;5/03/09
5712;19;311;6/03/09
5713;12;245;6/03/09
5714;7;286;6/03/09
5715;3;123;6/03/09
5716;3;283;6/03/09
5717;11;154;6/03/09
5718;6;270;6/03/09
5719;19;259;6/03/09
5720;10;116;6/03/09
5721;14;154;7/03/09
5722;9;102;7/03/09
5723;14;209;8/03/09
5724;3;231;8/03/09
5725;7;147;9/03/09
5726;10;315;9/03/09
5727;15;185;15/03/09
5728;17;128;15/03/09
5729;12;108;19/03/09
5730;17;162;19/03/09
5731;11;290;22/03/09
5732;17;113;22/03/09
5733;1;103;23/03/09
5734;7;255;25/03/09
5735;11;171;25/03/09
5736;18;134;26/03/09
5737;8;159;26/03/09
5738;4;168;27/03/09
5739;12;119;27/03/09
5740;19;125;27/03/09
5741;15;170;27/03/09
5742;9;144;28/03/09
5743;12;182;31/03/09
5744;1;267;31/03/09
5745;13;155;31/03/09
5746;16;262;31/03/09
5747;10;164;1/04/09
5748;15;265;1/04/09
5749;20;277;1/04/09
5750;7;161;2/04/09
5751;1;231;3/04/09
5752;8;131;3/04/09
5753;8;286;4/04/09
5754;7;247;5/04/09
5755;8;191;5/04/09
5756;12;113;13/04/09
5757;17;151;15/04/09
5758;6;146;15/04/09
5759;4;307;16/04/09
5760;10;185;16/04/09
5761;14;152;18/04/09
5762;7;178;18/04/09
5763;13;113;18/04/09
5764;1;312;18/04/09
5765;4;142;18/04/09
5766;7;224;20/04/09
5767;12;173;21/04/09
5768;13;193;22/04/09
5769;19;126;22/04/09
5770;11;106;22/04/09
5771;16;291;23/04/09
5772;6;259;24/04/09
5773;17;278;24/04/09
5774;1;249;24/04/09
5775;8;132;29/04/09
5776;5;160;29/04/09
5777;13;238;2/05/09
5778;6;152;2/05/09
5779;13;119;3/05/09
5780;4;122;4/05/09
5781;9;221;4/05/09
5782;12;299;4/05/09
5783;11;312;6/05/09
5784;16;219;6/05/09
5785;10;298;7/05/09
5786;14;122;7/05/09
5787;20;172;8/05/09
5788;18;152;8/05/09
5789;1;131;8/05/09
5790;15;192;8/05/09
5791;18;243;10/05/09
5792;14;246;12/05/09
5793;6;184;14/05/09
5794;19;277;14/05/09
5795;14;306;14/05/09
5796;2;245;14/05/09
5797;6;192;15/05/09
5798;5;129;16/05/09
5799;2;224;16/05/09
5800;14;289;17/05/09
5801;1;102;17/05/09
5802;9;151;18/05/09
5803;10;109;20/05/09
5804;19;144;20/05/09
5805;6;259;23/05/09
5806;8;300;23/05/09
5807;3;147;24/05/09
5808;19;183;24/05/09
5809;16;277;25/05/09
5810;16;244;25/05/09
5811;18;163;26/05/09
5812;16;245;26/05/09
5813;4;227;26/05/09
5814;4;265;28/05/09
5815;6;145;28/05/09
5816;16;234;28/05/09
5817;14;196;28/05/09
5818;10;239;28/05/09
5819;13;117;28/05/09
5820;1;134;28/05/09
5821;20;144;29/05/09
5822;17;219;29/05/09
5823;8;128;30/05/09
5824;9;218;30/05/09
5825;15;189;30/05/09
5826;7;132;30/05/09
5827;2;269;30/05/09
5828;13;282;1/06/09
5829;10;281;1/06/09
5830;12;190;1/06/09
5831;6;101;1/06/09
5832;9;266;1/06/09
5833;10;277;1/06/09
5834;14;298;1/06/09
5835;2;221;1/06/09
5836;12;217;1/06/09
5837;15;155;1/06/09
5838;12;297;1/06/09
5839;9;240;2/06/09
5840;7;193;6/06/09
5841;18;201;6/06/09
5842;18;106;7/06/09
5843;4;118;7/06/09
5844;11;176;10/06/09
5845;7;130;10/06/09
5846;17;151;12/06/09
5847;7;296;12/06/09
5848;17;271;13/06/09
5849;12;217;16/06/09
5850;7;252;17/06/09
5851;3;292;17/06/09
5852;4;118;19/06/09
5853;6;185;19/06/09
5854;14;113;21/06/09
5855;12;115;21/06/09
5856;4;278;21/06/09
5857;4;270;22/06/09
5858;14;192;22/06/09
5859;16;302;23/06/09
5860;14;215;23/06/09
5861;8;231;23/06/09
5862;20;207;23/06/09
5863;10;297;24/06/09
5864;7;271;24/06/09
5865;1;254;24/06/09
5866;12;251;24/06/09
5867;17;243;25/06/09
5868;1;164;25/06/09
5869;1;227;26/06/09
5870;15;240;26/06/09
5871;17;266;26/06/09
5872;3;111;26/06/09
5873;7;205;26/06/09
5874;5;215;26/06/09
5875;1;136;27/06/09
5876;6;148;27/06/09
5877;15;119;28/06/09
5878;11;151;28/06/09
5879;4;102;1/07/09
5880;8;153;1/07/09
5881;16;234;3/07/09
5882;16;242;3/07/09
5883;7;124;3/07/09
5884;9;205;3/07/09
5885;16;261;3/07/09
5886;14;295;3/07/09
5887;9;269;4/07/09
5888;14;192;4/07/09
5889;1;157;4/07/09
5890;17;112;4/07/09
5891;1;236;6/07/09
5892;1;295;7/07/09
5893;13;188;7/07/09
5894;7;102;8/07/09
5895;17;246;8/07/09
5896;3;202;9/07/09
5897;17;187;9/07/09
5898;6;170;9/07/09
5899;20;148;9/07/09
5900;3;226;10/07/09
5901;13;219;10/07/09
5902;18;232;11/07/09
5903;5;131;12/07/09
5904;9;259;12/07/09
5905;3;266;13/07/09
5906;19;180;13/07/09
5907;18;183;15/07/09
5908;7;286;15/07/09
5909;16;239;15/07/09
5910;17;211;16/07/09
5911;13;174;16/07/09
5912;12;147;17/07/09
5913;17;272;17/07/09
5914;1;224;17/07/09
5915;12;301;17/07/09
5916;10;121;18/07/09
5917;12;240;18/07/09
5918;5;282;21/07/09
5919;17;116;25/07/09
5920;7;104;25/07/09
5921;6;269;31/07/09
5922;10;248;31/07/09
5923;15;311;31/07/09
5924;2;290;31/07/09
5925;12;130;1/08/09
5926;2;198;1/08/09
5927;6;294;3/08/09
5928;3;197;3/08/09
5929;18;251;6/08/09
5930;19;105;6/08/09
5931;13;312;6/08/09
5932;4;138;7/08/09
5933;16;187;7/08/09
5934;9;307;8/08/09
5935;1;192;8/08/09
5936;10;223;9/08/09
5937;10;241;10/08/09
5938;12;316;10/08/09
5939;1;190;10/08/09
5940;3;205;10/08/09
5941;16;307;12/08/09
5942;20;165;12/08/09
5943;3;204;12/08/09
5944;5;161;12/08/09
5945;1;230;14/08/09
5946;15;262;14/08/09
5947;4;303;14/08/09
5948;14;250;14/08/09
5949;11;315;14/08/09
5950;14;297;18/08/09
5951;6;286;18/08/09
5952;3;230;18/08/09
5953;6;267;18/08/09
5954;12;168;18/08/09
5955;2;134;18/08/09
5956;11;120;18/08/09
5957;15;123;18/08/09
5958;4;204;19/08/09
5959;6;187;19/08/09
5960;8;121;20/08/09
5961;19;228;20/08/09
5962;17;289;20/08/09
5963;9;240;20/08/09
5964;19;277;20/08/09
5965;12;136;20/08/09
5966;16;179;23/08/09
5967;10;258;23/08/09
5968;18;172;26/08/09
5969;12;261;26/08/09
5970;7;159;27/08/09
5971;15;175;29/08/09
5972;7;226;29/08/09
5973;17;298;31/08/09
5974;17;212;31/08/09
5975;7;310;31/08/09
5976;19;126;31/08/09
5977;8;176;1/09/09
5978;13;283;1/09/09
5979;16;149;1/09/09
5980;12;208;1/09/09
5981;16;242;1/09/09
5982;19;254;2/09/09
5983;3;131;2/09/09
5984;6;172;3/09/09
5985;7;225;3/09/09
5986;6;135;3/09/09
5987;9;128;3/09/09
5988;5;226;3/09/09
5989;13;308;4/09/09
5990;8;232;4/09/09
5991;12;238;5/09/09
5992;13;175;5/09/09
5993;3;273;5/09/09
5994;1;306;5/09/09
5995;3;288;7/09/09
5996;20;222;7/09/09
5997;11;199;8/09/09
5998;5;213;9/09/09
5999;15;151;9/09/09
6000;19;118;10/09/09
6001;9;183;10/09/09
6002;4;212;10/09/09
6003;16;102;13/09/09
6004;3;106;13/09/09
6005;14;231;13/09/09
6006;17;221;14/09/09
6007;19;305;14/09/09
6008;12;159;14/09/09
6009;6;246;16/09/09
6010;11;191;19/09/09
6011;16;295;19/09/09
6012;16;110;20/09/09
6013;13;165;21/09/09
6014;20;129;21/09/09
6015;9;192;22/09/09
6016;2;136;22/09/09
6017;11;232;22/09/09
6018;5;230;22/09/09
6019;10;302;23/09/09
6020;2;189;23/09/09
6021;8;145;23/09/09
6022;6;223;23/09/09
6023;4;255;24/09/09
6024;11;187;24/09/09
6025;17;144;26/09/09
6026;6;317;26/09/09
6027;12;252;26/09/09
6028;9;239;26/09/09
6029;16;306;26/09/09
6030;4;155;26/09/09
6031;18;205;26/09/09
6032;20;192;26/09/09
6033;11;155;26/09/09
6034;11;148;27/09/09
6035;1;299;27/09/09
6036;8;306;30/09/09
6037;10;259;30/09/09
6038;15;312;1/10/09
6039;6;149;1/10/09
6040;19;292;2/10/09
6041;16;317;2/10/09
6042;20;170;2/10/09
6043;12;228;2/10/09
6044;2;110;3/10/09
6045;9;218;3/10/09
6046;14;119;4/10/09
6047;18;109;5/10/09
6048;9;109;6/10/09
6049;16;261;6/10/09
6050;18;113;6/10/09
6051;1;279;6/10/09
6052;10;313;6/10/09
6053;19;311;6/10/09
6054;3;290;7/10/09
6055;1;289;7/10/09
6056;10;112;8/10/09
6057;1;170;10/10/09
6058;19;132;10/10/09
6059;18;174;11/10/09
6060;15;292;11/10/09
6061;8;169;11/10/09
6062;18;152;13/10/09
6063;4;293;13/10/09
6064;19;213;13/10/09
6065;7;119;15/10/09
6066;1;250;15/10/09
6067;3;100;16/10/09
6068;13;148;16/10/09
6069;7;237;18/10/09
6070;13;223;18/10/09
6071;7;241;19/10/09
6072;13;168;19/10/09
6073;9;275;19/10/09
6074;9;305;20/10/09
6075;18;191;20/10/09
6076;11;137;25/10/09
6077;2;306;28/10/09
6078;20;220;28/10/09
6079;12;194;30/10/09
6080;8;111;30/10/09
6081;7;300;31/10/09
6082;9;277;2/11/09
6083;10;301;2/11/09
6084;4;287;3/11/09
6085;20;301;3/11/09
6086;13;108;3/11/09
6087;6;203;3/11/09
6088;14;289;4/11/09
6089;8;140;4/11/09
6090;12;183;4/11/09
6091;13;282;4/11/09
6092;3;206;7/11/09
6093;16;103;7/11/09
6094;6;318;7/11/09
6095;3;274;7/11/09
6096;10;302;7/11/09
6097;1;288;10/11/09
6098;4;278;10/11/09
6099;15;285;12/11/09
6100;15;225;12/11/09
6101;1;270;13/11/09
6102;6;134;13/11/09
6103;4;269;13/11/09
6104;14;180;14/11/09
6105;10;313;14/11/09
6106;20;152;14/11/09
6107;3;185;14/11/09
6108;16;278;14/11/09
6109;9;207;15/11/09
6110;17;286;18/11/09
6111;5;310;18/11/09
6112;1;155;22/11/09
6113;16;301;22/11/09
6114;14;183;22/11/09
6115;16;137;22/11/09
6116;16;252;23/11/09
6117;4;239;25/11/09
6118;13;263;25/11/09
6119;13;306;26/11/09
6120;5;240;26/11/09
6121;12;186;26/11/09
6122;18;252;28/11/09
6123;19;257;28/11/09
6124;9;199;29/11/09
6125;20;251;29/11/09
6126;14;164;29/11/09
6127;18;272;29/11/09
6128;3;139;29/11/09
6129;2;278;30/11/09
6130;18;185;30/11/09
6131;16;125;2/12/09
6132;5;174;2/12/09
6133;17;155;3/12/09
6134;13;235;3/12/09
6135;2;252;7/12/09
6136;3;177;7/12/09
6137;5;201;7/12/09
6138;9;125;8/12/09
6139;5;105;8/12/09
6140;2;168;8/12/09
6141;14;251;8/12/09
6142;13;299;9/12/09
6143;14;268;13/12/09
6144;8;131;13/12/09
6145;17;124;13/12/09
6146;4;275;13/12/09
6147;11;315;14/12/09
6148;19;309;14/12/09
6149;4;135;14/12/09
6150;19;193;14/12/09
6151;18;296;15/12/09
6152;18;115;15/12/09
6153;3;182;15/12/09
6154;18;247;15/12/09
6155;6;277;16/12/09
6156;2;177;16/12/09
6157;20;118;17/12/09
6158;6;211;17/12/09
6159;13;192;18/12/09
6160;8;118;18/12/09
6161;5;164;18/12/09
6162;19;187;22/12/09
6163;14;196;22/12/09
6164;9;213;23/12/09
6165;5;238;24/12/09
6166;15;102;24/12/09
6167;10;294;29/12/09
6168;18;256;29/12/09
6169;19;282;29/12/09
6170;7;133;29/12/09
6171;8;315;31/12/09
6172;15;146;31/12/09
6173;16;191;31/12/09
6174;12;235;31/12/09
