OrderID;EmployeeID;CustomerID;Date
6853;14;192;2/01/11
6854;12;117;2/01/11
6855;18;231;3/01/11
6856;20;157;3/01/11
6857;19;103;6/01/11
6858;17;275;6/01/11
6859;6;104;8/01/11
6860;3;183;8/01/11
6861;7;155;10/01/11
6862;7;127;10/01/11
6863;11;180;10/01/11
6864;6;101;11/01/11
6865;14;310;11/01/11
6866;8;301;11/01/11
6867;1;227;11/01/11
6868;6;237;11/01/11
6869;3;257;12/01/11
6870;17;193;13/01/11
6871;15;301;13/01/11
6872;11;171;15/01/11
6873;15;275;15/01/11
6874;11;109;15/01/11
6875;14;122;15/01/11
6876;20;317;15/01/11
6877;18;210;15/01/11
6878;12;313;16/01/11
6879;12;246;20/01/11
6880;4;205;20/01/11
6881;5;106;20/01/11
6882;8;223;20/01/11
6883;1;254;21/01/11
6884;9;204;21/01/11
6885;14;102;23/01/11
6886;7;164;24/01/11
6887;20;135;26/01/11
6888;7;204;26/01/11
6889;2;270;28/01/11
6890;4;250;28/01/11
6891;13;232;28/01/11
6892;13;164;28/01/11
6893;7;217;28/01/11
6894;4;283;29/01/11
6895;14;290;29/01/11
6896;14;122;31/01/11
6897;6;183;31/01/11
6898;20;141;1/02/11
6899;10;127;1/02/11
6900;3;239;1/02/11
6901;2;266;2/02/11
6902;13;197;2/02/11
6903;2;100;3/02/11
6904;15;141;4/02/11
6905;9;216;4/02/11
6906;16;238;5/02/11
6907;1;190;5/02/11
6908;17;180;8/02/11
6909;1;247;8/02/11
6910;14;306;8/02/11
6911;14;207;8/02/11
6912;18;245;8/02/11
6913;3;307;8/02/11
6914;7;233;9/02/11
6915;16;245;9/02/11
6916;2;314;11/02/11
6917;7;201;11/02/11
6918;10;204;12/02/11
6919;5;101;12/02/11
6920;6;105;14/02/11
6921;15;219;15/02/11
6922;8;276;15/02/11
6923;10;132;15/02/11
6924;18;103;16/02/11
6925;2;153;16/02/11
6926;8;243;20/02/11
6927;7;134;20/02/11
6928;9;229;22/02/11
6929;14;259;23/02/11
6930;4;240;23/02/11
6931;17;319;23/02/11
6932;13;282;25/02/11
6933;7;286;25/02/11
6934;10;221;25/02/11
6935;9;133;25/02/11
6936;5;278;26/02/11
6937;4;190;26/02/11
6938;15;156;26/02/11
6939;20;245;1/03/11
6940;14;268;1/03/11
6941;13;183;3/03/11
6942;16;185;3/03/11
6943;4;186;4/03/11
6944;12;198;4/03/11
6945;11;264;5/03/11
6946;16;249;5/03/11
6947;8;193;6/03/11
6948;14;226;6/03/11
6949;14;262;6/03/11
6950;11;116;8/03/11
6951;18;175;8/03/11
6952;13;207;12/03/11
6953;12;209;13/03/11
6954;12;282;13/03/11
6955;15;237;13/03/11
6956;3;128;14/03/11
6957;2;114;14/03/11
6958;4;159;17/03/11
6959;20;115;17/03/11
6960;10;106;17/03/11
6961;7;186;17/03/11
6962;14;166;17/03/11
6963;1;199;18/03/11
6964;3;116;19/03/11
6965;8;293;19/03/11
6966;11;124;19/03/11
6967;17;123;19/03/11
6968;2;247;19/03/11
6969;1;167;19/03/11
6970;10;276;19/03/11
6971;11;222;19/03/11
6972;18;281;25/03/11
6973;13;283;25/03/11
6974;12;100;25/03/11
6975;6;176;26/03/11
6976;8;245;26/03/11
6977;5;173;26/03/11
6978;13;166;27/03/11
6979;8;292;27/03/11
6980;18;221;28/03/11
6981;16;118;28/03/11
6982;10;206;28/03/11
6983;20;204;29/03/11
6984;6;235;30/03/11
6985;19;150;30/03/11
6986;16;288;30/03/11
6987;15;127;1/04/11
6988;9;206;1/04/11
6989;14;275;2/04/11
6990;1;131;2/04/11
6991;8;204;3/04/11
6992;18;107;3/04/11
6993;7;171;3/04/11
6994;2;184;5/04/11
6995;15;108;5/04/11
6996;3;166;7/04/11
6997;6;217;7/04/11
6998;6;272;7/04/11
6999;9;287;7/04/11
7000;15;300;7/04/11
7001;18;315;7/04/11
7002;9;251;7/04/11
7003;2;122;9/04/11
7004;16;272;9/04/11
7005;4;205;9/04/11
7006;19;277;10/04/11
7007;15;198;10/04/11
7008;8;114;10/04/11
7009;8;287;10/04/11
7010;10;292;10/04/11
7011;19;131;10/04/11
7012;5;191;11/04/11
7013;12;164;12/04/11
7014;13;193;12/04/11
7015;16;229;13/04/11
7016;4;173;13/04/11
7017;16;117;17/04/11
7018;19;240;17/04/11
7019;10;172;18/04/11
7020;2;293;18/04/11
7021;5;319;19/04/11
7022;7;318;19/04/11
7023;4;143;21/04/11
7024;5;161;22/04/11
7025;19;156;22/04/11
7026;13;284;23/04/11
7027;15;112;23/04/11
7028;19;203;23/04/11
7029;7;269;23/04/11
7030;20;129;24/04/11
7031;4;156;24/04/11
7032;13;207;24/04/11
7033;15;293;24/04/11
7034;1;132;24/04/11
7035;10;144;24/04/11
7036;9;234;24/04/11
7037;5;211;24/04/11
7038;16;143;24/04/11
7039;15;160;24/04/11
7040;3;259;25/04/11
7041;12;154;26/04/11
7042;16;209;29/04/11
7043;8;270;29/04/11
7044;1;131;30/04/11
7045;2;296;30/04/11
7046;8;214;30/04/11
7047;20;240;3/05/11
7048;4;289;3/05/11
7049;5;232;6/05/11
7050;15;217;6/05/11
7051;6;129;6/05/11
7052;16;196;6/05/11
7053;8;151;7/05/11
7054;19;293;7/05/11
7055;6;227;8/05/11
7056;17;259;8/05/11
7057;13;176;8/05/11
7058;8;220;8/05/11
7059;3;245;8/05/11
7060;9;251;8/05/11
7061;8;125;8/05/11
7062;20;156;8/05/11
7063;5;118;15/05/11
7064;20;211;15/05/11
7065;4;226;17/05/11
7066;6;236;17/05/11
7067;5;246;17/05/11
7068;3;179;17/05/11
7069;9;132;17/05/11
7070;16;237;18/05/11
7071;13;285;19/05/11
7072;5;186;19/05/11
7073;17;251;19/05/11
7074;2;233;19/05/11
7075;4;295;21/05/11
7076;17;201;22/05/11
7077;13;309;22/05/11
7078;18;175;22/05/11
7079;12;224;23/05/11
7080;17;201;23/05/11
7081;9;180;2/06/11
7082;11;283;2/06/11
7083;7;225;2/06/11
7084;13;102;3/06/11
7085;3;178;3/06/11
7086;17;257;4/06/11
7087;7;103;4/06/11
7088;12;140;5/06/11
7089;20;138;6/06/11
7090;1;238;6/06/11
7091;20;154;6/06/11
7092;6;125;10/06/11
7093;3;223;10/06/11
7094;17;295;11/06/11
7095;11;221;11/06/11
7096;13;315;12/06/11
7097;12;209;12/06/11
7098;18;138;13/06/11
7099;15;298;13/06/11
7100;16;261;13/06/11
7101;10;181;13/06/11
7102;1;302;14/06/11
7103;16;194;14/06/11
7104;10;120;16/06/11
7105;3;124;16/06/11
7106;11;317;16/06/11
7107;6;157;16/06/11
7108;4;174;17/06/11
7109;20;195;18/06/11
7110;7;296;18/06/11
7111;18;144;18/06/11
7112;5;157;20/06/11
7113;3;149;20/06/11
7114;4;125;20/06/11
7115;3;245;21/06/11
7116;6;204;21/06/11
7117;8;303;24/06/11
7118;16;108;24/06/11
7119;18;148;24/06/11
7120;16;212;26/06/11
7121;9;132;26/06/11
7122;17;189;29/06/11
7123;5;250;29/06/11
7124;14;306;30/06/11
7125;4;224;30/06/11
7126;2;251;1/07/11
7127;18;278;1/07/11
7128;14;191;1/07/11
7129;2;241;1/07/11
7130;11;153;1/07/11
7131;17;118;4/07/11
7132;8;103;4/07/11
7133;12;293;4/07/11
7134;14;163;5/07/11
7135;7;121;5/07/11
7136;5;300;6/07/11
7137;11;254;6/07/11
7138;2;185;10/07/11
7139;9;141;10/07/11
7140;18;188;11/07/11
7141;15;210;11/07/11
7142;16;311;12/07/11
7143;5;276;12/07/11
7144;4;245;13/07/11
7145;18;118;13/07/11
7146;18;266;14/07/11
7147;9;316;14/07/11
7148;6;242;16/07/11
7149;6;209;16/07/11
7150;8;140;16/07/11
7151;5;151;17/07/11
7152;12;289;17/07/11
7153;10;128;17/07/11
7154;20;118;17/07/11
7155;10;294;20/07/11
7156;16;137;20/07/11
7157;16;206;22/07/11
7158;8;244;22/07/11
7159;7;130;25/07/11
7160;6;234;25/07/11
7161;7;199;26/07/11
7162;12;224;26/07/11
7163;20;123;29/07/11
7164;18;239;29/07/11
7165;3;107;29/07/11
7166;11;110;30/07/11
7167;17;100;30/07/11
7168;16;172;31/07/11
7169;3;222;1/08/11
7170;11;170;1/08/11
7171;9;264;1/08/11
7172;20;263;1/08/11
7173;11;279;3/08/11
7174;8;316;3/08/11
7175;19;278;5/08/11
7176;3;296;5/08/11
7177;5;206;6/08/11
7178;6;244;6/08/11
7179;8;100;6/08/11
7180;10;179;6/08/11
7181;19;233;10/08/11
7182;8;167;10/08/11
7183;4;216;11/08/11
7184;17;312;11/08/11
7185;11;173;11/08/11
7186;1;173;11/08/11
7187;12;138;12/08/11
7188;4;263;12/08/11
7189;8;315;13/08/11
7190;11;177;13/08/11
7191;7;194;13/08/11
7192;13;131;13/08/11
7193;4;133;14/08/11
7194;17;310;15/08/11
7195;13;119;15/08/11
7196;4;279;15/08/11
7197;8;270;15/08/11
7198;17;277;15/08/11
7199;2;319;15/08/11
7200;19;133;17/08/11
7201;2;171;17/08/11
7202;1;305;23/08/11
7203;14;184;23/08/11
7204;9;122;23/08/11
7205;1;124;23/08/11
7206;19;160;24/08/11
7207;15;127;25/08/11
7208;20;212;25/08/11
7209;11;124;26/08/11
7210;16;257;26/08/11
7211;7;209;27/08/11
7212;1;158;29/08/11
7213;1;233;29/08/11
7214;2;148;29/08/11
7215;4;168;31/08/11
7216;3;171;31/08/11
7217;11;239;31/08/11
7218;1;206;31/08/11
7219;19;307;31/08/11
7220;13;294;31/08/11
7221;4;246;31/08/11
7222;10;236;3/09/11
7223;13;275;3/09/11
7224;4;115;6/09/11
7225;8;198;6/09/11
7226;11;198;7/09/11
7227;14;196;7/09/11
7228;12;284;7/09/11
7229;7;155;7/09/11
7230;18;256;7/09/11
7231;7;238;7/09/11
7232;16;141;7/09/11
7233;5;146;7/09/11
7234;17;293;8/09/11
7235;17;116;8/09/11
7236;13;254;8/09/11
7237;5;184;9/09/11
7238;5;221;12/09/11
7239;12;261;13/09/11
7240;3;228;14/09/11
7241;4;237;14/09/11
7242;1;240;14/09/11
7243;12;167;14/09/11
7244;19;130;16/09/11
7245;14;159;16/09/11
7246;1;303;16/09/11
7247;4;158;17/09/11
7248;8;156;17/09/11
7249;3;236;19/09/11
7250;18;311;19/09/11
7251;6;280;20/09/11
7252;14;102;21/09/11
7253;11;262;21/09/11
7254;7;203;22/09/11
7255;17;178;22/09/11
7256;1;262;22/09/11
7257;12;284;22/09/11
7258;2;307;23/09/11
7259;15;315;23/09/11
7260;2;179;23/09/11
7261;13;272;23/09/11
7262;19;132;24/09/11
7263;11;218;24/09/11
7264;5;199;24/09/11
7265;20;139;24/09/11
7266;10;134;24/09/11
7267;13;131;24/09/11
7268;14;158;24/09/11
7269;11;215;24/09/11
7270;20;104;24/09/11
7271;4;145;25/09/11
7272;2;225;25/09/11
7273;19;142;25/09/11
7274;12;130;25/09/11
7275;9;178;27/09/11
7276;17;300;27/09/11
7277;2;146;28/09/11
7278;4;120;28/09/11
7279;3;146;28/09/11
7280;17;167;28/09/11
7281;18;307;29/09/11
7282;9;279;29/09/11
7283;6;267;29/09/11
7284;4;134;1/10/11
7285;19;307;1/10/11
7286;9;316;2/10/11
7287;6;123;2/10/11
7288;4;237;2/10/11
7289;11;291;3/10/11
7290;1;195;3/10/11
7291;14;182;4/10/11
7292;10;261;4/10/11
7293;2;205;5/10/11
7294;4;128;5/10/11
7295;7;102;5/10/11
7296;16;314;5/10/11
7297;17;121;6/10/11
7298;14;185;6/10/11
7299;11;295;6/10/11
7300;7;282;7/10/11
7301;13;288;7/10/11
7302;9;161;7/10/11
7303;7;159;7/10/11
7304;10;223;11/10/11
7305;18;152;11/10/11
7306;18;145;12/10/11
7307;11;174;12/10/11
7308;18;272;12/10/11
7309;3;214;12/10/11
7310;10;206;13/10/11
7311;18;308;14/10/11
7312;2;291;14/10/11
7313;9;290;16/10/11
7314;8;303;17/10/11
7315;7;284;17/10/11
7316;9;262;18/10/11
7317;20;209;18/10/11
7318;16;179;18/10/11
7319;7;305;20/10/11
7320;2;139;20/10/11
7321;3;144;20/10/11
7322;16;175;20/10/11
7323;17;134;21/10/11
7324;3;125;21/10/11
7325;2;213;22/10/11
7326;4;240;22/10/11
7327;3;276;23/10/11
7328;15;312;23/10/11
7329;15;125;23/10/11
7330;14;183;24/10/11
7331;12;308;24/10/11
7332;3;114;26/10/11
7333;18;169;26/10/11
7334;4;175;27/10/11
7335;12;165;27/10/11
7336;9;264;27/10/11
7337;18;183;28/10/11
7338;6;128;28/10/11
7339;18;164;29/10/11
7340;7;287;31/10/11
7341;1;174;31/10/11
7342;15;285;1/11/11
7343;4;288;1/11/11
7344;6;236;3/11/11
7345;1;119;3/11/11
7346;5;302;4/11/11
7347;18;299;4/11/11
7348;9;313;5/11/11
7349;17;290;5/11/11
7350;15;146;6/11/11
7351;11;115;6/11/11
7352;14;286;7/11/11
7353;4;310;7/11/11
7354;11;216;9/11/11
7355;9;117;9/11/11
7356;16;223;12/11/11
7357;16;182;12/11/11
7358;6;189;12/11/11
7359;5;139;13/11/11
7360;15;244;15/11/11
7361;12;136;15/11/11
7362;20;120;15/11/11
7363;20;248;15/11/11
7364;14;224;15/11/11
7365;16;318;15/11/11
7366;19;163;15/11/11
7367;11;249;17/11/11
7368;19;146;18/11/11
7369;8;290;18/11/11
7370;6;268;19/11/11
7371;12;157;19/11/11
7372;4;261;20/11/11
7373;17;293;21/11/11
7374;8;303;21/11/11
7375;5;128;21/11/11
7376;2;270;23/11/11
7377;2;300;24/11/11
7378;20;257;24/11/11
7379;8;114;26/11/11
7380;3;185;26/11/11
7381;1;102;27/11/11
7382;19;203;27/11/11
7383;12;249;28/11/11
7384;4;259;28/11/11
7385;9;164;2/12/11
7386;8;249;2/12/11
7387;10;165;4/12/11
7388;12;145;6/12/11
7389;8;311;6/12/11
7390;11;104;9/12/11
7391;15;122;10/12/11
7392;15;259;11/12/11
7393;8;316;11/12/11
7394;2;278;11/12/11
7395;5;313;11/12/11
7396;19;227;11/12/11
7397;5;141;11/12/11
7398;5;161;11/12/11
7399;15;157;11/12/11
7400;5;248;12/12/11
7401;8;288;12/12/11
7402;2;213;14/12/11
7403;5;118;14/12/11
7404;15;195;14/12/11
7405;16;276;14/12/11
7406;14;155;14/12/11
7407;8;105;14/12/11
7408;7;198;14/12/11
7409;11;312;15/12/11
7410;18;161;15/12/11
7411;5;297;15/12/11
7412;13;302;15/12/11
7413;3;122;16/12/11
7414;12;278;16/12/11
7415;16;276;16/12/11
7416;6;220;16/12/11
7417;7;216;18/12/11
7418;3;300;18/12/11
7419;7;247;21/12/11
7420;17;154;21/12/11
7421;4;146;24/12/11
7422;15;212;24/12/11
7423;6;291;26/12/11
7424;10;122;26/12/11
7425;6;208;26/12/11
7426;14;265;27/12/11
7427;16;311;28/12/11
7428;9;116;28/12/11
7429;7;110;29/12/11
7430;16;161;29/12/11
7431;20;180;30/12/11
7432;17;200;30/12/11
