OrderID;EmployeeID;CustomerID;Date
1;1;277;1/01/00
2;17;190;1/01/00
3;16;275;1/01/00
4;15;260;2/01/00
5;5;132;2/01/00
6;9;208;3/01/00
7;9;168;3/01/00
8;11;306;4/01/00
9;5;276;4/01/00
10;9;220;6/01/00
11;16;166;6/01/00
12;7;199;9/01/00
13;13;254;9/01/00
14;20;283;11/01/00
15;6;201;11/01/00
16;11;269;11/01/00
17;10;300;13/01/00
18;9;121;13/01/00
19;7;182;13/01/00
20;12;110;15/01/00
21;18;140;15/01/00
22;12;212;16/01/00
23;14;319;16/01/00
24;6;117;16/01/00
25;1;130;16/01/00
26;18;176;17/01/00
27;8;254;17/01/00
28;13;172;17/01/00
29;7;219;17/01/00
30;5;106;18/01/00
31;3;104;18/01/00
32;9;145;19/01/00
33;17;177;19/01/00
34;7;257;20/01/00
35;3;260;20/01/00
36;4;228;20/01/00
37;15;197;21/01/00
38;14;241;21/01/00
39;10;159;23/01/00
40;2;102;23/01/00
41;4;302;23/01/00
42;17;275;23/01/00
43;16;182;23/01/00
44;6;132;24/01/00
45;11;289;24/01/00
46;15;149;24/01/00
47;17;124;24/01/00
48;16;112;25/01/00
49;18;288;25/01/00
50;14;173;26/01/00
51;6;254;26/01/00
52;9;123;26/01/00
53;15;271;27/01/00
54;20;177;27/01/00
55;15;219;27/01/00
56;15;209;28/01/00
57;18;231;28/01/00
58;16;231;28/01/00
59;4;208;28/01/00
60;5;196;29/01/00
61;19;132;30/01/00
62;7;205;30/01/00
63;4;151;30/01/00
64;12;238;30/01/00
65;15;173;30/01/00
66;8;241;31/01/00
67;16;101;31/01/00
68;13;194;1/02/00
69;7;266;1/02/00
70;20;240;2/02/00
71;5;173;2/02/00
72;14;206;3/02/00
73;13;174;3/02/00
74;11;150;3/02/00
75;6;239;3/02/00
76;4;309;3/02/00
77;3;299;3/02/00
78;7;256;5/02/00
79;5;115;5/02/00
80;6;137;6/02/00
81;14;132;6/02/00
82;1;280;6/02/00
83;13;262;6/02/00
84;1;313;6/02/00
85;10;169;6/02/00
86;4;125;10/02/00
87;5;198;11/02/00
88;7;144;11/02/00
89;10;177;11/02/00
90;8;245;11/02/00
91;9;225;15/02/00
92;15;292;15/02/00
93;9;301;15/02/00
94;7;284;15/02/00
95;9;172;15/02/00
96;12;225;15/02/00
97;4;134;16/02/00
98;2;117;16/02/00
99;9;233;17/02/00
100;19;131;18/02/00
101;15;142;18/02/00
102;11;230;18/02/00
103;1;303;18/02/00
104;13;138;19/02/00
105;3;201;19/02/00
106;7;123;19/02/00
107;3;253;19/02/00
108;15;204;20/02/00
109;7;190;20/02/00
110;4;245;20/02/00
111;5;147;21/02/00
112;1;104;21/02/00
113;5;106;21/02/00
114;17;154;21/02/00
115;18;318;23/02/00
116;17;284;23/02/00
117;9;161;23/02/00
118;18;103;23/02/00
119;11;230;23/02/00
120;17;115;25/02/00
121;1;209;25/02/00
122;3;248;25/02/00
123;11;164;25/02/00
124;15;158;26/02/00
125;4;149;26/02/00
126;7;247;26/02/00
127;16;100;27/02/00
128;16;201;27/02/00
129;12;236;28/02/00
130;14;153;29/02/00
131;6;231;29/02/00
132;11;188;3/03/00
133;16;273;3/03/00
134;10;104;4/03/00
135;6;142;4/03/00
136;20;222;4/03/00
137;3;210;4/03/00
138;2;119;4/03/00
139;10;286;4/03/00
140;19;258;6/03/00
141;1;256;7/03/00
142;20;292;7/03/00
143;10;260;7/03/00
144;1;130;7/03/00
145;9;315;9/03/00
146;5;233;10/03/00
147;18;175;10/03/00
148;7;313;13/03/00
149;12;234;13/03/00
150;6;209;13/03/00
151;6;175;13/03/00
152;15;214;13/03/00
153;15;165;14/03/00
154;2;291;14/03/00
155;9;234;14/03/00
156;1;146;14/03/00
157;6;292;15/03/00
158;12;152;15/03/00
159;2;208;15/03/00
160;8;263;15/03/00
161;15;178;16/03/00
162;14;123;16/03/00
163;9;165;19/03/00
164;19;219;19/03/00
165;16;274;20/03/00
166;3;274;20/03/00
167;2;189;21/03/00
168;17;102;23/03/00
169;2;102;23/03/00
170;4;177;23/03/00
171;11;308;23/03/00
172;9;230;23/03/00
173;12;269;26/03/00
174;19;142;26/03/00
175;17;299;26/03/00
176;14;123;27/03/00
177;15;228;27/03/00
178;11;260;29/03/00
179;10;157;29/03/00
180;1;192;31/03/00
181;3;172;31/03/00
182;15;213;31/03/00
183;18;203;31/03/00
184;11;298;1/04/00
185;4;295;1/04/00
186;16;310;1/04/00
187;15;138;1/04/00
188;12;175;1/04/00
189;10;233;4/04/00
190;3;169;8/04/00
191;11;140;8/04/00
192;8;192;8/04/00
193;8;310;10/04/00
194;14;113;10/04/00
195;13;303;12/04/00
196;5;217;12/04/00
197;9;264;13/04/00
198;3;220;13/04/00
199;9;142;14/04/00
200;12;297;14/04/00
201;7;242;15/04/00
202;2;181;15/04/00
203;20;220;15/04/00
204;1;113;16/04/00
205;13;294;16/04/00
206;12;316;19/04/00
207;5;144;21/04/00
208;4;250;21/04/00
209;11;122;23/04/00
210;13;159;23/04/00
211;15;133;23/04/00
212;2;270;24/04/00
213;11;254;24/04/00
214;15;100;24/04/00
215;5;178;24/04/00
216;7;296;24/04/00
217;19;199;25/04/00
218;7;184;27/04/00
219;20;315;27/04/00
220;1;124;27/04/00
221;18;140;27/04/00
222;10;236;28/04/00
223;4;179;30/04/00
224;2;318;1/05/00
225;14;202;1/05/00
226;19;270;5/05/00
227;19;160;5/05/00
228;4;271;6/05/00
229;6;266;6/05/00
230;5;302;6/05/00
231;5;209;9/05/00
232;19;251;9/05/00
233;15;311;10/05/00
234;15;215;10/05/00
235;8;105;12/05/00
236;17;203;13/05/00
237;17;220;14/05/00
238;18;110;14/05/00
239;20;114;17/05/00
240;8;237;17/05/00
241;20;115;20/05/00
242;13;214;20/05/00
243;5;314;21/05/00
244;13;186;21/05/00
245;14;206;23/05/00
246;3;220;23/05/00
247;16;146;23/05/00
248;4;217;23/05/00
249;1;179;23/05/00
250;14;113;24/05/00
251;1;160;24/05/00
252;12;209;24/05/00
253;6;223;24/05/00
254;9;111;25/05/00
255;13;270;25/05/00
256;11;108;26/05/00
257;6;254;26/05/00
258;17;217;29/05/00
259;1;175;29/05/00
260;15;258;29/05/00
261;8;279;30/05/00
262;17;241;30/05/00
263;5;257;30/05/00
264;12;157;30/05/00
265;1;243;31/05/00
266;16;176;1/06/00
267;3;313;1/06/00
268;8;257;1/06/00
269;10;199;1/06/00
270;20;174;2/06/00
271;1;296;3/06/00
272;15;188;3/06/00
273;7;166;3/06/00
274;1;110;3/06/00
275;8;246;4/06/00
276;4;205;4/06/00
277;10;319;5/06/00
278;1;311;5/06/00
279;11;160;5/06/00
280;16;246;6/06/00
281;11;175;6/06/00
282;18;251;11/06/00
283;6;113;11/06/00
284;3;272;11/06/00
285;6;145;11/06/00
286;13;167;12/06/00
287;10;250;12/06/00
288;10;187;12/06/00
289;7;118;12/06/00
290;20;232;12/06/00
291;4;142;12/06/00
292;15;130;13/06/00
293;20;250;13/06/00
294;16;296;14/06/00
295;1;185;14/06/00
296;5;165;14/06/00
297;3;215;14/06/00
298;9;185;16/06/00
299;18;316;16/06/00
300;2;151;16/06/00
301;19;268;16/06/00
302;8;165;20/06/00
303;12;140;20/06/00
304;14;310;20/06/00
305;7;116;23/06/00
306;17;161;23/06/00
307;18;263;23/06/00
308;3;261;23/06/00
309;7;205;23/06/00
310;7;193;23/06/00
311;13;158;25/06/00
312;12;315;25/06/00
313;1;245;25/06/00
314;5;174;25/06/00
315;11;103;25/06/00
316;17;103;26/06/00
317;19;281;26/06/00
318;18;309;26/06/00
319;6;304;26/06/00
320;14;289;27/06/00
321;3;243;27/06/00
322;3;159;28/06/00
323;4;219;30/06/00
324;9;170;30/06/00
325;1;220;3/07/00
326;11;116;3/07/00
327;1;290;4/07/00
328;12;197;4/07/00
329;10;157;6/07/00
330;12;101;6/07/00
331;12;134;6/07/00
332;10;267;8/07/00
333;12;111;8/07/00
334;6;175;8/07/00
335;16;223;8/07/00
336;16;171;8/07/00
337;10;179;8/07/00
338;6;193;10/07/00
339;18;301;10/07/00
340;15;313;11/07/00
341;5;153;11/07/00
342;17;115;12/07/00
343;3;294;12/07/00
344;18;240;14/07/00
345;2;317;14/07/00
346;14;207;14/07/00
347;12;284;15/07/00
348;9;274;15/07/00
349;19;130;16/07/00
350;17;209;16/07/00
351;18;121;16/07/00
352;2;299;16/07/00
353;9;219;16/07/00
354;18;270;18/07/00
355;8;276;18/07/00
356;19;121;19/07/00
357;4;109;19/07/00
358;20;232;19/07/00
359;3;286;19/07/00
360;15;110;20/07/00
361;15;124;20/07/00
362;3;298;20/07/00
363;9;164;20/07/00
364;1;226;20/07/00
365;10;309;22/07/00
366;17;242;22/07/00
367;8;148;25/07/00
368;3;218;25/07/00
369;13;180;25/07/00
370;14;175;28/07/00
371;14;146;28/07/00
372;15;110;29/07/00
373;18;281;29/07/00
374;1;257;30/07/00
375;12;109;31/07/00
376;1;313;1/08/00
377;17;151;2/08/00
378;11;236;2/08/00
379;14;305;2/08/00
380;7;220;2/08/00
381;7;242;3/08/00
382;17;160;3/08/00
383;3;296;3/08/00
384;5;146;3/08/00
385;18;251;4/08/00
386;14;311;4/08/00
387;19;160;5/08/00
388;3;162;5/08/00
389;20;203;5/08/00
390;13;267;5/08/00
391;20;290;8/08/00
392;6;300;8/08/00
393;11;222;8/08/00
394;15;109;8/08/00
395;19;203;9/08/00
396;6;266;9/08/00
397;2;292;10/08/00
398;13;192;10/08/00
399;14;117;12/08/00
400;14;236;14/08/00
401;17;302;14/08/00
402;6;177;16/08/00
403;1;186;16/08/00
404;3;200;18/08/00
405;4;157;18/08/00
406;5;264;19/08/00
407;15;154;19/08/00
408;16;292;19/08/00
409;16;272;20/08/00
410;10;215;20/08/00
411;20;279;21/08/00
412;14;253;21/08/00
413;13;175;22/08/00
414;10;309;23/08/00
415;20;153;24/08/00
416;6;285;24/08/00
417;15;173;24/08/00
418;2;128;24/08/00
419;16;248;25/08/00
420;13;220;26/08/00
421;20;260;26/08/00
422;16;120;26/08/00
423;8;192;27/08/00
424;7;152;27/08/00
425;12;165;27/08/00
426;20;252;27/08/00
427;15;103;27/08/00
428;5;281;28/08/00
429;6;162;29/08/00
430;10;150;29/08/00
431;9;176;30/08/00
432;19;255;31/08/00
433;12;222;31/08/00
434;14;156;2/09/00
435;13;142;2/09/00
436;6;259;4/09/00
437;7;247;4/09/00
438;14;191;5/09/00
439;2;154;6/09/00
440;8;257;6/09/00
441;8;251;8/09/00
442;3;166;8/09/00
443;17;273;8/09/00
444;5;159;8/09/00
445;1;262;8/09/00
446;13;293;8/09/00
447;8;225;8/09/00
448;5;203;8/09/00
449;8;131;11/09/00
450;18;144;11/09/00
451;5;311;12/09/00
452;7;263;12/09/00
453;12;226;12/09/00
454;16;208;12/09/00
455;10;139;12/09/00
456;1;319;14/09/00
457;16;298;14/09/00
458;8;122;15/09/00
459;1;234;15/09/00
460;15;235;15/09/00
461;11;278;17/09/00
462;17;261;18/09/00
463;8;162;18/09/00
464;1;141;19/09/00
465;14;244;19/09/00
466;16;253;19/09/00
467;7;168;19/09/00
468;13;278;19/09/00
469;17;163;19/09/00
470;1;255;20/09/00
471;9;319;20/09/00
472;7;140;22/09/00
473;1;150;22/09/00
474;2;215;23/09/00
475;18;239;23/09/00
476;18;110;23/09/00
477;2;154;23/09/00
478;15;264;24/09/00
479;12;118;25/09/00
480;10;111;25/09/00
481;2;143;27/09/00
482;7;205;27/09/00
483;5;292;27/09/00
484;17;103;27/09/00
485;15;314;28/09/00
486;19;140;30/09/00
487;19;265;30/09/00
488;15;203;4/10/00
489;2;294;4/10/00
490;4;202;5/10/00
491;1;259;5/10/00
492;3;312;5/10/00
493;19;241;5/10/00
494;1;198;6/10/00
495;13;223;6/10/00
496;3;274;10/10/00
497;9;171;10/10/00
498;15;162;10/10/00
499;12;278;10/10/00
500;16;103;11/10/00
501;15;101;12/10/00
502;2;134;12/10/00
503;8;287;13/10/00
504;5;302;13/10/00
505;9;217;15/10/00
506;15;102;16/10/00
507;12;156;16/10/00
508;9;303;18/10/00
509;12;266;18/10/00
510;12;165;20/10/00
511;8;289;20/10/00
512;9;227;25/10/00
513;2;111;29/10/00
514;6;224;31/10/00
515;19;152;31/10/00
516;18;100;1/11/00
517;17;110;1/11/00
518;9;111;1/11/00
519;8;193;1/11/00
520;3;141;3/11/00
521;19;204;3/11/00
522;19;297;4/11/00
523;15;232;5/11/00
524;11;258;5/11/00
525;16;246;6/11/00
526;1;122;6/11/00
527;1;313;6/11/00
528;5;259;10/11/00
529;12;116;10/11/00
530;20;283;10/11/00
531;11;226;12/11/00
532;1;239;12/11/00
533;18;158;12/11/00
534;7;260;12/11/00
535;9;149;12/11/00
536;4;308;12/11/00
537;20;249;12/11/00
538;18;211;12/11/00
539;4;265;13/11/00
540;14;238;13/11/00
541;6;182;14/11/00
542;5;315;14/11/00
543;8;203;14/11/00
544;3;147;14/11/00
545;16;293;15/11/00
546;4;150;15/11/00
547;8;189;15/11/00
548;17;313;17/11/00
549;2;304;17/11/00
550;14;157;19/11/00
551;6;107;19/11/00
552;4;288;20/11/00
553;17;304;20/11/00
554;10;126;20/11/00
555;1;229;21/11/00
556;20;259;21/11/00
557;20;184;22/11/00
558;10;309;22/11/00
559;9;123;22/11/00
560;12;265;22/11/00
561;16;314;22/11/00
562;3;277;22/11/00
563;16;134;26/11/00
564;12;145;26/11/00
565;7;265;28/11/00
566;9;105;28/11/00
567;12;230;29/11/00
568;1;173;29/11/00
569;3;200;29/11/00
570;15;157;29/11/00
571;8;252;29/11/00
572;17;264;30/11/00
573;7;115;30/11/00
574;4;169;30/11/00
575;13;315;30/11/00
576;14;165;30/11/00
577;15;199;30/11/00
578;10;101;1/12/00
579;8;130;1/12/00
580;14;164;1/12/00
581;15;212;2/12/00
582;20;135;3/12/00
583;14;109;3/12/00
584;14;187;4/12/00
585;12;307;4/12/00
586;15;308;4/12/00
587;8;103;4/12/00
588;12;164;5/12/00
589;19;254;5/12/00
590;8;181;6/12/00
591;14;319;6/12/00
592;17;277;8/12/00
593;9;136;8/12/00
594;3;217;8/12/00
595;18;208;8/12/00
596;19;146;10/12/00
597;18;189;10/12/00
598;12;217;11/12/00
599;17;214;11/12/00
600;4;263;11/12/00
601;16;273;11/12/00
602;5;228;11/12/00
603;15;207;11/12/00
604;10;208;11/12/00
605;15;208;11/12/00
606;20;243;11/12/00
607;5;260;13/12/00
608;15;153;13/12/00
609;5;100;14/12/00
610;7;255;14/12/00
611;5;303;14/12/00
612;18;290;14/12/00
613;11;253;15/12/00
614;3;234;18/12/00
615;11;243;20/12/00
616;9;225;20/12/00
617;20;150;21/12/00
618;1;311;21/12/00
619;6;216;23/12/00
620;1;223;23/12/00
621;5;125;23/12/00
622;17;274;25/12/00
623;16;204;26/12/00
624;15;221;26/12/00
625;9;198;26/12/00
626;9;307;26/12/00
627;13;219;26/12/00
628;14;136;28/12/00
629;17;158;28/12/00
630;20;184;28/12/00
631;10;312;28/12/00
632;1;254;28/12/00
633;6;313;28/12/00
634;7;314;28/12/00
635;5;314;28/12/00
636;20;146;29/12/00
637;4;171;31/12/00
638;2;190;31/12/00
