OrderID;EmployeeID;CustomerID;Date
4978;19;169;2/01/08
4979;12;123;2/01/08
4980;10;157;2/01/08
4981;6;184;2/01/08
4982;18;102;4/01/08
4983;2;237;4/01/08
4984;15;308;5/01/08
4985;4;125;5/01/08
4986;14;317;5/01/08
4987;5;278;5/01/08
4988;2;109;6/01/08
4989;14;224;6/01/08
4990;13;243;8/01/08
4991;3;281;8/01/08
4992;1;212;10/01/08
4993;8;260;10/01/08
4994;15;103;10/01/08
4995;1;299;10/01/08
4996;5;241;12/01/08
4997;19;255;12/01/08
4998;9;163;13/01/08
4999;3;297;13/01/08
5000;15;187;14/01/08
5001;14;181;14/01/08
5002;1;251;14/01/08
5003;3;185;14/01/08
5004;13;311;15/01/08
5005;16;203;17/01/08
5006;14;118;17/01/08
5007;12;283;17/01/08
5008;4;302;17/01/08
5009;3;313;18/01/08
5010;13;184;19/01/08
5011;18;199;19/01/08
5012;20;283;20/01/08
5013;17;221;21/01/08
5014;9;317;22/01/08
5015;1;153;23/01/08
5016;20;251;23/01/08
5017;14;198;25/01/08
5018;16;252;25/01/08
5019;19;289;26/01/08
5020;5;132;26/01/08
5021;7;216;26/01/08
5022;18;247;26/01/08
5023;13;274;27/01/08
5024;11;108;27/01/08
5025;14;102;29/01/08
5026;19;288;29/01/08
5027;14;311;29/01/08
5028;6;230;29/01/08
5029;5;227;29/01/08
5030;15;296;29/01/08
5031;18;294;31/01/08
5032;14;132;31/01/08
5033;2;191;1/02/08
5034;2;248;3/02/08
5035;7;178;3/02/08
5036;11;236;3/02/08
5037;6;220;3/02/08
5038;18;234;4/02/08
5039;12;117;4/02/08
5040;4;274;4/02/08
5041;7;257;4/02/08
5042;1;313;8/02/08
5043;12;123;8/02/08
5044;12;239;8/02/08
5045;4;159;9/02/08
5046;20;146;9/02/08
5047;18;296;12/02/08
5048;2;203;12/02/08
5049;20;273;13/02/08
5050;10;317;13/02/08
5051;3;201;18/02/08
5052;12;162;18/02/08
5053;3;192;20/02/08
5054;15;129;20/02/08
5055;17;180;20/02/08
5056;3;142;24/02/08
5057;8;138;24/02/08
5058;14;262;26/02/08
5059;8;135;26/02/08
5060;12;257;26/02/08
5061;6;188;28/02/08
5062;10;156;28/02/08
5063;5;123;28/02/08
5064;1;259;1/03/08
5065;18;285;1/03/08
5066;19;136;1/03/08
5067;6;284;1/03/08
5068;5;253;2/03/08
5069;18;118;2/03/08
5070;4;171;2/03/08
5071;20;234;2/03/08
5072;6;313;3/03/08
5073;7;221;3/03/08
5074;15;212;3/03/08
5075;7;263;3/03/08
5076;12;143;4/03/08
5077;20;199;4/03/08
5078;7;141;4/03/08
5079;13;208;4/03/08
5080;6;110;5/03/08
5081;11;126;5/03/08
5082;10;307;5/03/08
5083;11;154;8/03/08
5084;4;281;8/03/08
5085;12;171;10/03/08
5086;7;234;11/03/08
5087;4;181;11/03/08
5088;16;275;12/03/08
5089;8;200;12/03/08
5090;19;167;13/03/08
5091;10;218;13/03/08
5092;10;290;13/03/08
5093;18;302;13/03/08
5094;2;267;14/03/08
5095;8;313;14/03/08
5096;19;116;14/03/08
5097;10;236;14/03/08
5098;2;306;18/03/08
5099;15;267;18/03/08
5100;4;287;18/03/08
5101;8;314;18/03/08
5102;1;217;18/03/08
5103;1;300;19/03/08
5104;2;143;19/03/08
5105;16;202;19/03/08
5106;6;214;21/03/08
5107;4;313;21/03/08
5108;7;104;23/03/08
5109;8;293;23/03/08
5110;9;238;23/03/08
5111;10;205;23/03/08
5112;1;295;26/03/08
5113;4;254;27/03/08
5114;11;195;28/03/08
5115;7;210;28/03/08
5116;7;245;28/03/08
5117;14;162;30/03/08
5118;3;316;30/03/08
5119;10;149;1/04/08
5120;4;187;4/04/08
5121;2;139;4/04/08
5122;10;318;4/04/08
5123;5;174;4/04/08
5124;20;207;6/04/08
5125;8;189;6/04/08
5126;4;202;10/04/08
5127;2;307;10/04/08
5128;6;139;10/04/08
5129;7;207;10/04/08
5130;9;203;13/04/08
5131;4;150;13/04/08
5132;2;250;14/04/08
5133;5;146;15/04/08
5134;11;259;15/04/08
5135;17;225;15/04/08
5136;10;107;15/04/08
5137;1;132;15/04/08
5138;6;225;16/04/08
5139;7;236;16/04/08
5140;14;295;17/04/08
5141;9;319;17/04/08
5142;6;157;17/04/08
5143;3;139;17/04/08
5144;15;196;17/04/08
5145;15;128;18/04/08
5146;9;273;18/04/08
5147;17;130;18/04/08
5148;13;291;19/04/08
5149;3;196;19/04/08
5150;10;254;20/04/08
5151;16;131;21/04/08
5152;15;274;21/04/08
5153;9;309;22/04/08
5154;17;116;22/04/08
5155;3;266;23/04/08
5156;8;116;25/04/08
5157;19;136;25/04/08
5158;1;144;25/04/08
5159;5;263;25/04/08
5160;15;119;26/04/08
5161;9;122;28/04/08
5162;9;288;28/04/08
5163;3;251;28/04/08
5164;12;310;28/04/08
5165;14;170;28/04/08
5166;20;196;1/05/08
5167;9;100;1/05/08
5168;20;279;1/05/08
5169;13;215;1/05/08
5170;3;163;1/05/08
5171;18;110;2/05/08
5172;17;123;2/05/08
5173;6;105;4/05/08
5174;14;167;4/05/08
5175;16;234;5/05/08
5176;6;227;5/05/08
5177;12;278;5/05/08
5178;4;117;5/05/08
5179;2;199;5/05/08
5180;18;229;5/05/08
5181;20;248;7/05/08
5182;6;261;7/05/08
5183;10;137;8/05/08
5184;19;136;8/05/08
5185;2;158;9/05/08
5186;1;189;9/05/08
5187;13;226;9/05/08
5188;6;110;9/05/08
5189;16;224;9/05/08
5190;10;214;9/05/08
5191;4;209;10/05/08
5192;6;305;10/05/08
5193;3;284;10/05/08
5194;14;193;10/05/08
5195;15;182;10/05/08
5196;20;262;11/05/08
5197;19;106;11/05/08
5198;1;158;14/05/08
5199;7;186;17/05/08
5200;2;139;18/05/08
5201;6;113;20/05/08
5202;9;268;20/05/08
5203;19;257;21/05/08
5204;4;143;21/05/08
5205;20;134;23/05/08
5206;3;219;23/05/08
5207;8;260;24/05/08
5208;4;182;24/05/08
5209;5;182;26/05/08
5210;11;109;26/05/08
5211;6;249;27/05/08
5212;10;206;27/05/08
5213;13;308;28/05/08
5214;4;161;28/05/08
5215;12;294;30/05/08
5216;7;274;30/05/08
5217;17;240;1/06/08
5218;15;220;1/06/08
5219;13;244;3/06/08
5220;15;200;5/06/08
5221;4;300;5/06/08
5222;11;235;5/06/08
5223;11;158;5/06/08
5224;10;130;6/06/08
5225;2;215;6/06/08
5226;18;223;6/06/08
5227;18;140;7/06/08
5228;6;148;10/06/08
5229;12;177;10/06/08
5230;20;295;12/06/08
5231;10;266;13/06/08
5232;1;218;13/06/08
5233;4;251;14/06/08
5234;12;156;14/06/08
5235;10;194;15/06/08
5236;15;293;15/06/08
5237;16;310;16/06/08
5238;13;282;16/06/08
5239;13;136;17/06/08
5240;20;205;18/06/08
5241;17;249;18/06/08
5242;12;309;20/06/08
5243;19;287;22/06/08
5244;3;310;23/06/08
5245;18;235;23/06/08
5246;15;299;23/06/08
5247;5;237;23/06/08
5248;20;202;25/06/08
5249;12;122;25/06/08
5250;12;252;26/06/08
5251;2;237;26/06/08
5252;2;249;27/06/08
5253;11;191;27/06/08
5254;3;306;28/06/08
5255;15;218;28/06/08
5256;2;287;28/06/08
5257;7;142;28/06/08
5258;9;175;28/06/08
5259;19;152;29/06/08
5260;19;277;29/06/08
5261;12;151;30/06/08
5262;18;201;30/06/08
5263;4;110;30/06/08
5264;4;273;30/06/08
5265;13;180;30/06/08
5266;2;293;30/06/08
5267;16;170;1/07/08
5268;12;190;1/07/08
5269;7;285;1/07/08
5270;5;309;1/07/08
5271;17;105;2/07/08
5272;12;270;2/07/08
5273;7;202;2/07/08
5274;9;190;2/07/08
5275;12;190;3/07/08
5276;18;199;3/07/08
5277;19;242;4/07/08
5278;1;189;4/07/08
5279;6;318;5/07/08
5280;13;101;6/07/08
5281;16;274;6/07/08
5282;4;206;7/07/08
5283;18;308;7/07/08
5284;8;266;8/07/08
5285;12;272;9/07/08
5286;8;211;9/07/08
5287;14;158;9/07/08
5288;1;267;9/07/08
5289;14;303;9/07/08
5290;10;176;9/07/08
5291;9;198;10/07/08
5292;18;212;10/07/08
5293;13;225;11/07/08
5294;5;211;11/07/08
5295;4;117;11/07/08
5296;6;104;11/07/08
5297;9;212;12/07/08
5298;5;111;13/07/08
5299;16;136;13/07/08
5300;13;157;13/07/08
5301;10;210;13/07/08
5302;6;236;13/07/08
5303;14;275;13/07/08
5304;4;229;15/07/08
5305;3;141;15/07/08
5306;4;216;15/07/08
5307;11;171;15/07/08
5308;15;266;15/07/08
5309;3;117;15/07/08
5310;6;313;15/07/08
5311;19;235;16/07/08
5312;17;201;16/07/08
5313;3;184;19/07/08
5314;8;233;21/07/08
5315;18;206;21/07/08
5316;1;100;23/07/08
5317;8;235;23/07/08
5318;13;115;23/07/08
5319;12;309;23/07/08
5320;15;202;23/07/08
5321;14;261;23/07/08
5322;5;258;25/07/08
5323;15;163;25/07/08
5324;16;134;27/07/08
5325;6;109;27/07/08
5326;12;160;28/07/08
5327;9;101;28/07/08
5328;16;107;28/07/08
5329;17;296;28/07/08
5330;6;206;28/07/08
5331;8;124;28/07/08
5332;20;170;30/07/08
5333;1;120;31/07/08
5334;7;158;31/07/08
5335;11;224;31/07/08
5336;2;183;2/08/08
5337;3;312;2/08/08
5338;11;144;3/08/08
5339;9;142;3/08/08
5340;10;206;4/08/08
5341;7;273;4/08/08
5342;14;286;5/08/08
5343;17;270;5/08/08
5344;11;161;5/08/08
5345;4;296;6/08/08
5346;20;176;6/08/08
5347;20;240;6/08/08
5348;2;306;6/08/08
5349;2;168;6/08/08
5350;11;200;6/08/08
5351;18;253;6/08/08
5352;19;317;7/08/08
5353;15;104;7/08/08
5354;4;285;7/08/08
5355;15;195;7/08/08
5356;4;104;8/08/08
5357;20;223;8/08/08
5358;2;141;9/08/08
5359;8;126;9/08/08
5360;9;170;9/08/08
5361;17;219;9/08/08
5362;19;102;9/08/08
5363;9;199;11/08/08
5364;3;280;11/08/08
5365;6;286;11/08/08
5366;10;137;11/08/08
5367;5;218;11/08/08
5368;20;284;13/08/08
5369;2;127;13/08/08
5370;1;260;14/08/08
5371;18;169;14/08/08
5372;3;234;17/08/08
5373;16;125;17/08/08
5374;6;139;18/08/08
5375;17;116;18/08/08
5376;11;168;19/08/08
5377;2;181;19/08/08
5378;13;287;19/08/08
5379;9;214;19/08/08
5380;8;162;19/08/08
5381;1;208;19/08/08
5382;8;109;19/08/08
5383;19;140;19/08/08
5384;4;245;20/08/08
5385;6;212;21/08/08
5386;10;131;21/08/08
5387;3;236;21/08/08
5388;12;230;21/08/08
5389;13;280;21/08/08
5390;15;164;22/08/08
5391;18;297;22/08/08
5392;8;175;22/08/08
5393;1;205;27/08/08
5394;9;245;27/08/08
5395;18;111;29/08/08
5396;1;150;29/08/08
5397;18;232;29/08/08
5398;2;206;30/08/08
5399;20;191;30/08/08
5400;1;221;30/08/08
5401;11;216;31/08/08
5402;9;197;31/08/08
5403;17;288;4/09/08
5404;5;252;5/09/08
5405;20;151;5/09/08
5406;18;140;5/09/08
5407;9;176;5/09/08
5408;20;220;5/09/08
5409;7;281;5/09/08
5410;20;296;5/09/08
5411;13;138;5/09/08
5412;17;192;6/09/08
5413;6;213;6/09/08
5414;19;144;8/09/08
5415;10;242;8/09/08
5416;1;253;8/09/08
5417;15;274;9/09/08
5418;4;128;9/09/08
5419;15;291;13/09/08
5420;19;290;15/09/08
5421;3;179;16/09/08
5422;3;150;16/09/08
5423;19;261;16/09/08
5424;16;167;16/09/08
5425;19;310;18/09/08
5426;18;157;18/09/08
5427;13;169;21/09/08
5428;3;233;21/09/08
5429;13;258;21/09/08
5430;11;191;21/09/08
5431;19;137;22/09/08
5432;20;101;22/09/08
5433;16;254;23/09/08
5434;7;150;23/09/08
5435;18;203;23/09/08
5436;2;200;23/09/08
5437;10;148;26/09/08
5438;5;150;26/09/08
5439;19;150;27/09/08
5440;13;143;27/09/08
5441;7;168;28/09/08
5442;1;228;28/09/08
5443;4;117;28/09/08
5444;16;150;29/09/08
5445;6;284;29/09/08
5446;11;137;1/10/08
5447;10;211;1/10/08
5448;2;225;2/10/08
5449;14;247;2/10/08
5450;12;112;3/10/08
5451;19;140;3/10/08
5452;7;127;3/10/08
5453;19;153;3/10/08
5454;17;170;5/10/08
5455;1;115;5/10/08
5456;6;280;5/10/08
5457;12;147;5/10/08
5458;20;204;5/10/08
5459;6;242;6/10/08
5460;6;231;7/10/08
5461;18;232;7/10/08
5462;6;101;7/10/08
5463;1;163;7/10/08
5464;10;235;11/10/08
5465;2;319;11/10/08
5466;5;275;12/10/08
5467;1;141;12/10/08
5468;11;160;12/10/08
5469;20;233;12/10/08
5470;11;293;15/10/08
5471;11;114;15/10/08
5472;10;191;16/10/08
5473;7;135;16/10/08
5474;16;226;16/10/08
5475;10;145;16/10/08
5476;12;275;18/10/08
5477;18;312;18/10/08
5478;14;207;18/10/08
5479;5;304;18/10/08
5480;12;108;18/10/08
5481;7;102;19/10/08
5482;4;221;19/10/08
5483;2;168;19/10/08
5484;14;129;19/10/08
5485;20;175;20/10/08
5486;17;216;25/10/08
5487;3;122;25/10/08
5488;5;250;25/10/08
5489;19;164;26/10/08
5490;3;267;26/10/08
5491;8;202;26/10/08
5492;2;304;26/10/08
5493;2;146;27/10/08
5494;5;237;27/10/08
5495;1;116;28/10/08
5496;12;202;28/10/08
5497;18;317;29/10/08
5498;18;171;29/10/08
5499;12;271;30/10/08
5500;9;245;30/10/08
5501;18;315;31/10/08
5502;19;108;31/10/08
5503;11;249;2/11/08
5504;5;194;2/11/08
5505;16;153;2/11/08
5506;10;189;2/11/08
5507;16;124;2/11/08
5508;4;166;4/11/08
5509;3;296;4/11/08
5510;20;187;5/11/08
5511;3;151;5/11/08
5512;1;204;6/11/08
5513;20;212;6/11/08
5514;7;179;7/11/08
5515;20;265;7/11/08
5516;2;204;9/11/08
5517;12;246;9/11/08
5518;2;201;9/11/08
5519;15;285;12/11/08
5520;10;282;15/11/08
5521;12;218;15/11/08
5522;4;234;16/11/08
5523;9;310;17/11/08
5524;16;182;17/11/08
5525;14;240;17/11/08
5526;2;252;18/11/08
5527;2;112;18/11/08
5528;7;175;19/11/08
5529;4;204;19/11/08
5530;15;240;19/11/08
5531;13;201;19/11/08
5532;9;311;20/11/08
5533;14;112;20/11/08
5534;11;316;21/11/08
5535;20;255;21/11/08
5536;1;165;22/11/08
5537;7;229;22/11/08
5538;13;258;23/11/08
5539;8;288;23/11/08
5540;12;180;23/11/08
5541;12;222;23/11/08
5542;2;294;23/11/08
5543;6;314;23/11/08
5544;15;304;23/11/08
5545;20;318;23/11/08
5546;19;149;25/11/08
5547;17;119;25/11/08
5548;20;303;26/11/08
5549;10;255;26/11/08
5550;12;100;27/11/08
5551;13;255;28/11/08
5552;20;172;29/11/08
5553;13;153;30/11/08
5554;13;248;1/12/08
5555;5;260;1/12/08
5556;1;110;1/12/08
5557;16;185;1/12/08
5558;19;292;4/12/08
5559;8;259;4/12/08
5560;13;200;6/12/08
5561;7;174;6/12/08
5562;18;213;9/12/08
5563;2;241;10/12/08
5564;15;296;10/12/08
5565;1;216;10/12/08
5566;8;255;10/12/08
5567;2;106;14/12/08
5568;3;174;14/12/08
5569;3;182;14/12/08
5570;11;107;15/12/08
5571;20;303;16/12/08
5572;6;266;16/12/08
5573;17;202;17/12/08
5574;7;139;21/12/08
5575;15;105;21/12/08
5576;19;239;22/12/08
5577;9;152;22/12/08
5578;4;114;22/12/08
5579;7;311;23/12/08
5580;11;231;23/12/08
5581;15;153;23/12/08
5582;4;266;23/12/08
5583;19;205;23/12/08
5584;10;185;24/12/08
5585;5;284;25/12/08
5586;9;250;25/12/08
5587;9;212;28/12/08
5588;7;258;28/12/08
5589;6;272;28/12/08
5590;9;286;28/12/08
5591;11;160;30/12/08
5592;17;106;30/12/08
5593;15;145;31/12/08
5594;18;304;31/12/08
