OrderID;EmployeeID;CustomerID;Date
2426;1;108;1/01/04
2427;7;135;1/01/04
2428;11;280;2/01/04
2429;8;196;2/01/04
2430;14;243;3/01/04
2431;8;262;9/01/04
2432;2;239;10/01/04
2433;18;234;10/01/04
2434;7;193;12/01/04
2435;13;263;12/01/04
2436;18;291;13/01/04
2437;2;107;13/01/04
2438;11;173;13/01/04
2439;14;233;13/01/04
2440;10;284;14/01/04
2441;16;283;14/01/04
2442;16;212;14/01/04
2443;20;214;14/01/04
2444;7;186;14/01/04
2445;10;316;18/01/04
2446;5;184;18/01/04
2447;9;219;19/01/04
2448;7;127;19/01/04
2449;14;144;19/01/04
2450;1;201;22/01/04
2451;3;259;22/01/04
2452;7;142;23/01/04
2453;5;113;23/01/04
2454;16;235;23/01/04
2455;13;195;24/01/04
2456;3;251;24/01/04
2457;11;304;24/01/04
2458;15;149;24/01/04
2459;5;121;26/01/04
2460;20;139;26/01/04
2461;3;302;27/01/04
2462;4;301;27/01/04
2463;12;196;28/01/04
2464;12;129;1/02/04
2465;14;103;1/02/04
2466;20;176;2/02/04
2467;15;150;2/02/04
2468;14;279;2/02/04
2469;18;123;2/02/04
2470;14;260;3/02/04
2471;13;184;3/02/04
2472;18;144;3/02/04
2473;3;282;4/02/04
2474;12;195;4/02/04
2475;1;262;5/02/04
2476;9;126;6/02/04
2477;13;220;6/02/04
2478;16;195;7/02/04
2479;20;162;7/02/04
2480;20;210;7/02/04
2481;20;273;7/02/04
2482;5;244;8/02/04
2483;4;305;8/02/04
2484;20;180;8/02/04
2485;9;181;8/02/04
2486;18;246;9/02/04
2487;8;127;9/02/04
2488;19;104;11/02/04
2489;14;149;11/02/04
2490;11;104;13/02/04
2491;17;196;13/02/04
2492;4;158;13/02/04
2493;2;123;13/02/04
2494;7;196;15/02/04
2495;2;223;15/02/04
2496;2;127;15/02/04
2497;8;153;16/02/04
2498;12;191;16/02/04
2499;17;282;17/02/04
2500;5;178;17/02/04
2501;8;180;19/02/04
2502;2;303;19/02/04
2503;20;236;19/02/04
2504;2;172;19/02/04
2505;6;240;19/02/04
2506;9;210;20/02/04
2507;12;101;20/02/04
2508;19;165;20/02/04
2509;8;291;20/02/04
2510;8;296;21/02/04
2511;8;196;21/02/04
2512;13;120;21/02/04
2513;1;156;21/02/04
2514;1;257;21/02/04
2515;3;188;21/02/04
2516;10;213;22/02/04
2517;15;250;22/02/04
2518;18;275;23/02/04
2519;12;315;23/02/04
2520;2;186;23/02/04
2521;13;233;23/02/04
2522;1;248;25/02/04
2523;14;164;25/02/04
2524;13;139;25/02/04
2525;15;276;25/02/04
2526;19;242;26/02/04
2527;16;230;28/02/04
2528;1;214;28/02/04
2529;19;213;28/02/04
2530;8;191;28/02/04
2531;1;290;28/02/04
2532;12;202;29/02/04
2533;13;288;29/02/04
2534;13;144;1/03/04
2535;17;103;1/03/04
2536;15;116;1/03/04
2537;12;155;1/03/04
2538;17;231;2/03/04
2539;6;228;2/03/04
2540;1;175;4/03/04
2541;18;303;4/03/04
2542;20;213;6/03/04
2543;18;182;6/03/04
2544;14;277;6/03/04
2545;8;124;9/03/04
2546;2;261;9/03/04
2547;19;218;10/03/04
2548;2;307;10/03/04
2549;7;274;11/03/04
2550;1;111;11/03/04
2551;13;194;11/03/04
2552;3;125;11/03/04
2553;2;257;11/03/04
2554;18;147;13/03/04
2555;14;146;13/03/04
2556;16;127;15/03/04
2557;6;244;15/03/04
2558;17;186;15/03/04
2559;18;277;15/03/04
2560;14;179;16/03/04
2561;6;187;18/03/04
2562;4;208;18/03/04
2563;8;168;20/03/04
2564;13;252;20/03/04
2565;11;155;20/03/04
2566;20;193;21/03/04
2567;15;218;21/03/04
2568;12;287;21/03/04
2569;16;169;22/03/04
2570;1;213;22/03/04
2571;10;275;22/03/04
2572;4;131;22/03/04
2573;20;215;24/03/04
2574;3;298;24/03/04
2575;5;257;25/03/04
2576;7;168;25/03/04
2577;2;127;25/03/04
2578;6;222;26/03/04
2579;20;285;26/03/04
2580;3;210;29/03/04
2581;20;314;29/03/04
2582;3;250;29/03/04
2583;10;201;30/03/04
2584;11;268;30/03/04
2585;8;277;31/03/04
2586;6;218;1/04/04
2587;17;143;1/04/04
2588;6;218;3/04/04
2589;15;200;3/04/04
2590;6;277;4/04/04
2591;20;174;4/04/04
2592;2;176;7/04/04
2593;7;299;7/04/04
2594;7;290;7/04/04
2595;13;100;7/04/04
2596;6;283;8/04/04
2597;19;176;9/04/04
2598;9;286;9/04/04
2599;20;209;9/04/04
2600;6;127;9/04/04
2601;5;101;9/04/04
2602;8;165;9/04/04
2603;5;203;11/04/04
2604;7;270;11/04/04
2605;20;285;11/04/04
2606;17;314;11/04/04
2607;10;267;11/04/04
2608;6;122;11/04/04
2609;20;281;11/04/04
2610;18;135;11/04/04
2611;6;308;12/04/04
2612;19;197;15/04/04
2613;17;161;15/04/04
2614;12;131;16/04/04
2615;3;101;18/04/04
2616;9;144;20/04/04
2617;1;172;20/04/04
2618;16;255;20/04/04
2619;10;250;20/04/04
2620;9;283;21/04/04
2621;2;104;21/04/04
2622;17;272;23/04/04
2623;5;179;24/04/04
2624;5;179;25/04/04
2625;11;227;25/04/04
2626;19;219;25/04/04
2627;1;298;25/04/04
2628;4;303;26/04/04
2629;14;224;26/04/04
2630;9;258;26/04/04
2631;18;297;27/04/04
2632;19;257;27/04/04
2633;15;274;27/04/04
2634;1;295;27/04/04
2635;16;283;2/05/04
2636;4;198;2/05/04
2637;2;273;3/05/04
2638;19;246;3/05/04
2639;17;255;5/05/04
2640;1;122;5/05/04
2641;19;259;6/05/04
2642;2;162;8/05/04
2643;3;171;8/05/04
2644;16;107;11/05/04
2645;20;232;11/05/04
2646;4;112;11/05/04
2647;13;123;11/05/04
2648;12;170;12/05/04
2649;9;144;12/05/04
2650;5;219;14/05/04
2651;13;185;14/05/04
2652;5;290;14/05/04
2653;8;137;14/05/04
2654;19;260;15/05/04
2655;8;104;15/05/04
2656;10;188;15/05/04
2657;5;184;15/05/04
2658;9;218;16/05/04
2659;12;312;16/05/04
2660;14;304;16/05/04
2661;7;137;16/05/04
2662;15;208;20/05/04
2663;10;164;20/05/04
2664;9;201;20/05/04
2665;4;249;20/05/04
2666;12;258;21/05/04
2667;16;178;21/05/04
2668;11;112;22/05/04
2669;7;197;22/05/04
2670;17;170;22/05/04
2671;17;165;24/05/04
2672;15;259;24/05/04
2673;13;263;26/05/04
2674;1;101;26/05/04
2675;20;294;27/05/04
2676;8;102;27/05/04
2677;9;225;27/05/04
2678;17;183;27/05/04
2679;15;203;30/05/04
2680;2;142;30/05/04
2681;13;119;31/05/04
2682;1;279;1/06/04
2683;15;302;1/06/04
2684;16;231;2/06/04
2685;7;217;4/06/04
2686;11;311;5/06/04
2687;4;311;5/06/04
2688;18;278;6/06/04
2689;18;220;6/06/04
2690;16;266;7/06/04
2691;10;173;7/06/04
2692;20;217;11/06/04
2693;5;143;11/06/04
2694;2;292;12/06/04
2695;9;148;12/06/04
2696;10;146;14/06/04
2697;2;303;14/06/04
2698;12;164;16/06/04
2699;19;234;16/06/04
2700;7;301;16/06/04
2701;18;108;16/06/04
2702;9;206;18/06/04
2703;5;247;18/06/04
2704;12;216;19/06/04
2705;4;302;23/06/04
2706;19;122;23/06/04
2707;17;142;23/06/04
2708;11;266;23/06/04
2709;11;241;23/06/04
2710;10;213;23/06/04
2711;9;297;24/06/04
2712;1;143;24/06/04
2713;19;257;24/06/04
2714;20;282;24/06/04
2715;5;140;27/06/04
2716;7;289;27/06/04
2717;11;129;27/06/04
2718;1;262;27/06/04
2719;17;122;30/06/04
2720;4;223;30/06/04
2721;20;300;1/07/04
2722;4;130;1/07/04
2723;12;112;2/07/04
2724;3;191;2/07/04
2725;15;294;2/07/04
2726;12;305;2/07/04
2727;3;196;4/07/04
2728;19;224;4/07/04
2729;12;197;5/07/04
2730;19;254;5/07/04
2731;20;163;6/07/04
2732;1;193;6/07/04
2733;2;153;6/07/04
2734;5;124;7/07/04
2735;12;185;7/07/04
2736;11;237;7/07/04
2737;6;247;9/07/04
2738;3;283;9/07/04
2739;8;183;10/07/04
2740;20;233;10/07/04
2741;3;217;11/07/04
2742;2;315;12/07/04
2743;9;101;13/07/04
2744;11;259;13/07/04
2745;15;187;14/07/04
2746;10;233;14/07/04
2747;15;282;15/07/04
2748;3;209;15/07/04
2749;1;242;15/07/04
2750;11;178;17/07/04
2751;13;301;17/07/04
2752;16;261;20/07/04
2753;16;166;20/07/04
2754;20;142;20/07/04
2755;10;258;20/07/04
2756;12;303;20/07/04
2757;9;153;20/07/04
2758;15;152;20/07/04
2759;7;318;20/07/04
2760;4;293;20/07/04
2761;17;267;21/07/04
2762;1;242;21/07/04
2763;9;147;21/07/04
2764;3;170;22/07/04
2765;16;271;22/07/04
2766;20;221;22/07/04
2767;19;285;22/07/04
2768;11;148;22/07/04
2769;8;299;24/07/04
2770;17;191;24/07/04
2771;19;158;25/07/04
2772;10;310;27/07/04
2773;1;158;27/07/04
2774;8;201;27/07/04
2775;18;242;28/07/04
2776;14;308;28/07/04
2777;3;123;28/07/04
2778;2;117;28/07/04
2779;7;262;30/07/04
2780;19;111;30/07/04
2781;12;291;30/07/04
2782;4;162;30/07/04
2783;17;169;30/07/04
2784;14;127;30/07/04
2785;1;131;30/07/04
2786;14;319;30/07/04
2787;9;274;31/07/04
2788;3;293;31/07/04
2789;12;307;1/08/04
2790;19;124;2/08/04
2791;11;154;2/08/04
2792;10;101;2/08/04
2793;4;227;3/08/04
2794;19;291;4/08/04
2795;7;128;4/08/04
2796;17;206;5/08/04
2797;19;269;5/08/04
2798;15;316;5/08/04
2799;2;267;9/08/04
2800;4;193;11/08/04
2801;11;117;11/08/04
2802;15;212;12/08/04
2803;18;230;12/08/04
2804;13;313;13/08/04
2805;4;162;13/08/04
2806;2;132;13/08/04
2807;13;289;14/08/04
2808;11;207;14/08/04
2809;18;278;14/08/04
2810;16;261;14/08/04
2811;14;273;15/08/04
2812;19;201;15/08/04
2813;4;318;15/08/04
2814;2;284;15/08/04
2815;12;160;16/08/04
2816;11;109;16/08/04
2817;16;222;16/08/04
2818;20;270;19/08/04
2819;5;309;19/08/04
2820;14;211;22/08/04
2821;7;264;22/08/04
2822;15;116;22/08/04
2823;1;189;22/08/04
2824;4;136;23/08/04
2825;5;165;23/08/04
2826;17;244;24/08/04
2827;13;160;24/08/04
2828;3;100;24/08/04
2829;2;226;24/08/04
2830;16;221;25/08/04
2831;10;310;25/08/04
2832;20;131;25/08/04
2833;8;190;25/08/04
2834;12;230;26/08/04
2835;17;150;26/08/04
2836;5;164;27/08/04
2837;6;225;27/08/04
2838;2;229;27/08/04
2839;17;310;27/08/04
2840;20;192;27/08/04
2841;19;308;27/08/04
2842;18;126;27/08/04
2843;6;304;28/08/04
2844;6;134;29/08/04
2845;5;202;1/09/04
2846;10;155;1/09/04
2847;15;259;1/09/04
2848;3;129;1/09/04
2849;15;252;3/09/04
2850;5;314;3/09/04
2851;5;213;4/09/04
2852;19;192;4/09/04
2853;15;175;4/09/04
2854;19;289;4/09/04
2855;9;101;5/09/04
2856;16;135;6/09/04
2857;17;259;6/09/04
2858;8;233;7/09/04
2859;5;175;7/09/04
2860;6;305;8/09/04
2861;9;166;8/09/04
2862;15;269;9/09/04
2863;1;237;9/09/04
2864;7;250;9/09/04
2865;7;146;9/09/04
2866;9;277;12/09/04
2867;6;295;12/09/04
2868;9;134;12/09/04
2869;18;277;12/09/04
2870;6;271;15/09/04
2871;16;137;15/09/04
2872;17;266;17/09/04
2873;5;145;17/09/04
2874;11;314;17/09/04
2875;20;167;18/09/04
2876;11;188;23/09/04
2877;13;106;23/09/04
2878;16;148;25/09/04
2879;4;206;27/09/04
2880;12;147;27/09/04
2881;9;283;27/09/04
2882;12;220;27/09/04
2883;8;120;28/09/04
2884;20;244;28/09/04
2885;14;275;29/09/04
2886;1;138;29/09/04
2887;19;180;29/09/04
2888;5;108;30/09/04
2889;11;145;30/09/04
2890;4;195;30/09/04
2891;7;234;30/09/04
2892;8;140;1/10/04
2893;18;202;1/10/04
2894;11;222;1/10/04
2895;4;174;3/10/04
2896;9;145;3/10/04
2897;5;201;4/10/04
2898;12;241;4/10/04
2899;18;303;5/10/04
2900;12;137;5/10/04
2901;7;205;7/10/04
2902;11;141;8/10/04
2903;11;217;8/10/04
2904;19;206;9/10/04
2905;4;240;9/10/04
2906;6;264;10/10/04
2907;19;106;10/10/04
2908;17;106;10/10/04
2909;9;284;10/10/04
2910;15;311;11/10/04
2911;8;276;11/10/04
2912;11;271;12/10/04
2913;2;231;13/10/04
2914;1;149;14/10/04
2915;8;117;14/10/04
2916;12;287;14/10/04
2917;10;152;14/10/04
2918;17;162;15/10/04
2919;18;231;15/10/04
2920;18;318;16/10/04
2921;3;219;16/10/04
2922;7;143;16/10/04
2923;13;169;16/10/04
2924;5;228;16/10/04
2925;2;131;17/10/04
2926;2;143;17/10/04
2927;2;189;17/10/04
2928;16;295;18/10/04
2929;1;249;21/10/04
2930;5;240;23/10/04
2931;18;218;23/10/04
2932;10;256;24/10/04
2933;3;158;24/10/04
2934;2;191;24/10/04
2935;9;138;25/10/04
2936;14;316;26/10/04
2937;11;137;26/10/04
2938;2;201;26/10/04
2939;4;141;26/10/04
2940;1;221;26/10/04
2941;3;212;27/10/04
2942;19;281;27/10/04
2943;8;147;28/10/04
2944;1;291;29/10/04
2945;16;305;1/11/04
2946;1;269;1/11/04
2947;14;240;3/11/04
2948;3;124;3/11/04
2949;4;265;4/11/04
2950;15;226;6/11/04
2951;2;314;6/11/04
2952;5;228;6/11/04
2953;4;219;7/11/04
2954;16;257;7/11/04
2955;14;181;7/11/04
2956;18;147;7/11/04
2957;4;227;8/11/04
2958;1;179;8/11/04
2959;11;225;10/11/04
2960;7;310;10/11/04
2961;8;308;11/11/04
2962;18;113;13/11/04
2963;13;203;13/11/04
2964;13;252;13/11/04
2965;13;279;13/11/04
2966;7;315;13/11/04
2967;8;287;13/11/04
2968;11;305;14/11/04
2969;10;140;14/11/04
2970;14;176;15/11/04
2971;20;269;15/11/04
2972;8;296;15/11/04
2973;9;111;15/11/04
2974;12;267;15/11/04
2975;6;169;19/11/04
2976;1;156;19/11/04
2977;2;143;20/11/04
2978;20;273;20/11/04
2979;3;257;20/11/04
2980;15;263;20/11/04
2981;12;112;20/11/04
2982;4;276;20/11/04
2983;19;143;20/11/04
2984;9;213;20/11/04
2985;4;114;23/11/04
2986;14;137;23/11/04
2987;9;317;23/11/04
2988;8;157;24/11/04
2989;17;178;24/11/04
2990;4;284;24/11/04
2991;5;111;24/11/04
2992;11;207;28/11/04
2993;20;263;28/11/04
2994;20;296;28/11/04
2995;12;272;29/11/04
2996;1;207;29/11/04
2997;16;306;29/11/04
2998;13;229;30/11/04
2999;8;317;30/11/04
3000;20;182;30/11/04
3001;10;146;3/12/04
3002;19;298;3/12/04
3003;13;167;3/12/04
3004;20;211;3/12/04
3005;9;137;3/12/04
3006;14;254;3/12/04
3007;2;288;5/12/04
3008;14;155;5/12/04
3009;2;283;6/12/04
3010;16;311;6/12/04
3011;18;283;7/12/04
3012;13;191;7/12/04
3013;14;148;7/12/04
3014;6;160;7/12/04
3015;10;158;8/12/04
3016;19;252;8/12/04
3017;7;231;11/12/04
3018;5;115;11/12/04
3019;2;318;11/12/04
3020;5;160;11/12/04
3021;10;112;11/12/04
3022;2;174;12/12/04
3023;6;163;12/12/04
3024;11;275;14/12/04
3025;11;113;14/12/04
3026;19;116;15/12/04
3027;14;230;15/12/04
3028;19;153;15/12/04
3029;11;279;15/12/04
3030;7;206;16/12/04
3031;9;241;17/12/04
3032;9;160;19/12/04
3033;14;169;19/12/04
3034;3;116;19/12/04
3035;1;213;19/12/04
3036;7;165;20/12/04
3037;14;265;20/12/04
3038;16;130;20/12/04
3039;11;244;21/12/04
3040;5;264;21/12/04
3041;14;279;21/12/04
3042;19;169;21/12/04
3043;14;282;21/12/04
3044;13;311;23/12/04
3045;13;281;23/12/04
3046;2;200;23/12/04
3047;15;263;23/12/04
3048;6;173;26/12/04
3049;7;205;28/12/04
3050;10;149;28/12/04
3051;20;107;29/12/04
3052;20;208;29/12/04
3053;4;175;30/12/04
3054;17;103;30/12/04
3055;3;156;30/12/04
3056;20;256;30/12/04
3057;13;232;30/12/04
3058;17;101;30/12/04
3059;16;273;30/12/04
3060;2;207;31/12/04
3061;6;225;31/12/04
