OrderID;EmployeeID;CustomerID;Date
8710;11;149;2/01/14
8711;7;112;3/01/14
8712;20;146;3/01/14
8713;11;132;3/01/14
8714;19;231;3/01/14
8715;15;137;4/01/14
8716;12;181;4/01/14
8717;1;283;4/01/14
8718;9;264;4/01/14
8719;5;289;6/01/14
8720;10;118;6/01/14
8721;16;210;6/01/14
8722;8;159;6/01/14
8723;13;255;6/01/14
8724;1;203;7/01/14
8725;15;248;7/01/14
8726;1;127;10/01/14
8727;14;134;12/01/14
8728;11;296;12/01/14
8729;12;195;12/01/14
8730;13;203;12/01/14
8731;19;212;12/01/14
8732;11;159;13/01/14
8733;6;199;13/01/14
8734;7;168;16/01/14
8735;13;204;16/01/14
8736;6;110;18/01/14
8737;9;266;18/01/14
8738;14;303;19/01/14
8739;3;140;20/01/14
8740;20;229;20/01/14
8741;4;310;20/01/14
8742;13;170;20/01/14
8743;15;226;20/01/14
8744;18;261;23/01/14
8745;12;261;24/01/14
8746;16;269;24/01/14
8747;6;277;26/01/14
8748;15;123;26/01/14
8749;9;210;26/01/14
8750;13;102;26/01/14
8751;7;217;27/01/14
8752;9;189;27/01/14
8753;14;193;27/01/14
8754;18;207;27/01/14
8755;2;308;30/01/14
8756;16;258;30/01/14
8757;14;115;31/01/14
8758;17;255;1/02/14
8759;20;124;4/02/14
8760;4;195;4/02/14
8761;3;164;4/02/14
8762;12;104;4/02/14
8763;2;286;4/02/14
8764;15;253;4/02/14
8765;10;109;4/02/14
8766;19;184;6/02/14
8767;1;120;6/02/14
8768;8;177;6/02/14
8769;15;121;7/02/14
8770;10;211;7/02/14
8771;4;130;7/02/14
8772;17;304;7/02/14
8773;19;268;8/02/14
8774;5;184;10/02/14
8775;13;264;10/02/14
8776;1;221;11/02/14
8777;13;136;11/02/14
8778;5;126;11/02/14
8779;12;159;11/02/14
8780;18;272;13/02/14
8781;9;222;13/02/14
8782;19;240;14/02/14
8783;12;294;14/02/14
8784;18;313;15/02/14
8785;9;305;15/02/14
8786;11;227;16/02/14
8787;8;147;16/02/14
8788;8;185;16/02/14
8789;4;155;17/02/14
8790;7;298;17/02/14
8791;3;142;18/02/14
8792;1;113;18/02/14
8793;18;304;19/02/14
8794;14;311;19/02/14
8795;7;160;20/02/14
8796;7;264;20/02/14
8797;17;242;20/02/14
8798;19;316;20/02/14
8799;12;289;22/02/14
8800;8;251;22/02/14
8801;7;270;22/02/14
8802;17;213;22/02/14
8803;12;276;22/02/14
8804;20;199;24/02/14
8805;5;164;24/02/14
8806;2;188;25/02/14
8807;3;189;25/02/14
8808;15;134;28/02/14
8809;18;187;28/02/14
8810;15;304;28/02/14
8811;6;103;28/02/14
8812;16;167;1/03/14
8813;13;278;1/03/14
8814;20;139;4/03/14
8815;4;160;4/03/14
8816;2;295;7/03/14
8817;2;272;7/03/14
8818;1;135;7/03/14
8819;9;132;7/03/14
8820;17;231;7/03/14
8821;13;311;9/03/14
8822;12;270;9/03/14
8823;6;208;10/03/14
8824;4;178;10/03/14
8825;18;180;10/03/14
8826;7;243;14/03/14
8827;12;262;14/03/14
8828;8;287;15/03/14
8829;8;307;15/03/14
8830;20;190;15/03/14
8831;7;258;16/03/14
8832;8;275;16/03/14
8833;6;110;19/03/14
8834;6;131;19/03/14
8835;2;268;19/03/14
8836;8;197;19/03/14
8837;14;219;19/03/14
8838;17;271;20/03/14
8839;11;118;20/03/14
8840;7;112;20/03/14
8841;13;179;21/03/14
8842;1;143;26/03/14
8843;4;206;26/03/14
8844;19;118;27/03/14
8845;9;233;27/03/14
8846;20;277;29/03/14
8847;17;144;31/03/14
8848;4;318;31/03/14
8849;18;293;1/04/14
8850;8;168;3/04/14
8851;4;226;3/04/14
8852;3;281;3/04/14
8853;20;313;5/04/14
8854;19;209;5/04/14
8855;18;215;6/04/14
8856;7;154;6/04/14
8857;3;309;6/04/14
8858;5;257;6/04/14
8859;18;101;7/04/14
8860;19;277;7/04/14
8861;3;137;7/04/14
8862;3;289;7/04/14
8863;1;292;7/04/14
8864;2;266;7/04/14
8865;16;250;10/04/14
8866;3;107;10/04/14
8867;1;305;10/04/14
8868;12;170;10/04/14
8869;11;294;11/04/14
8870;18;233;11/04/14
8871;1;318;12/04/14
8872;15;189;12/04/14
8873;12;210;12/04/14
8874;10;187;12/04/14
8875;8;165;14/04/14
8876;14;208;14/04/14
8877;13;283;16/04/14
8878;5;179;16/04/14
8879;20;301;16/04/14
8880;6;191;20/04/14
8881;13;261;22/04/14
8882;5;184;24/04/14
8883;10;242;24/04/14
8884;9;256;24/04/14
8885;10;115;25/04/14
8886;12;100;25/04/14
8887;5;146;27/04/14
8888;6;319;27/04/14
8889;18;282;28/04/14
8890;14;207;28/04/14
8891;20;102;29/04/14
8892;17;132;29/04/14
8893;15;194;29/04/14
8894;12;196;29/04/14
8895;13;293;29/04/14
8896;8;229;30/04/14
8897;17;272;1/05/14
8898;17;311;1/05/14
8899;18;185;2/05/14
8900;18;242;2/05/14
8901;4;104;3/05/14
8902;13;208;3/05/14
8903;19;198;3/05/14
8904;3;268;3/05/14
8905;3;154;4/05/14
8906;6;142;4/05/14
8907;15;260;4/05/14
8908;3;298;4/05/14
8909;3;254;6/05/14
8910;20;162;6/05/14
8911;10;125;7/05/14
8912;11;281;7/05/14
8913;19;157;8/05/14
8914;7;100;8/05/14
8915;10;235;10/05/14
8916;15;240;10/05/14
8917;14;122;11/05/14
8918;16;160;12/05/14
8919;14;318;12/05/14
8920;15;242;15/05/14
8921;5;273;15/05/14
8922;1;115;15/05/14
8923;12;168;15/05/14
8924;17;289;15/05/14
8925;15;104;16/05/14
8926;12;214;16/05/14
8927;3;297;16/05/14
8928;9;306;17/05/14
8929;6;270;19/05/14
8930;15;131;19/05/14
8931;9;182;19/05/14
8932;2;270;22/05/14
8933;11;264;25/05/14
8934;16;104;26/05/14
8935;1;251;26/05/14
8936;2;144;26/05/14
8937;16;105;26/05/14
8938;1;218;27/05/14
8939;10;239;27/05/14
8940;16;311;27/05/14
8941;14;248;29/05/14
8942;13;118;29/05/14
8943;7;180;29/05/14
8944;13;111;29/05/14
8945;10;199;29/05/14
8946;11;301;29/05/14
8947;15;122;30/05/14
8948;7;176;31/05/14
8949;2;143;31/05/14
8950;3;251;31/05/14
8951;11;105;1/06/14
8952;13;299;1/06/14
8953;19;314;1/06/14
8954;17;234;1/06/14
8955;2;286;3/06/14
8956;8;308;5/06/14
8957;6;259;5/06/14
8958;7;220;7/06/14
8959;13;176;7/06/14
8960;10;163;7/06/14
8961;3;308;7/06/14
8962;20;159;8/06/14
8963;13;174;8/06/14
8964;13;129;8/06/14
8965;20;206;8/06/14
8966;11;121;9/06/14
8967;4;108;9/06/14
8968;11;213;11/06/14
8969;10;261;11/06/14
8970;2;216;12/06/14
8971;6;173;15/06/14
8972;7;146;15/06/14
8973;15;104;17/06/14
8974;6;113;17/06/14
8975;14;137;17/06/14
8976;11;156;17/06/14
8977;18;252;17/06/14
8978;15;208;19/06/14
8979;8;230;21/06/14
8980;10;102;21/06/14
8981;4;165;21/06/14
8982;3;288;21/06/14
8983;11;268;22/06/14
8984;3;120;23/06/14
8985;11;270;23/06/14
8986;12;309;24/06/14
8987;9;285;24/06/14
8988;11;253;24/06/14
8989;2;104;25/06/14
8990;8;193;25/06/14
8991;17;256;25/06/14
8992;15;237;25/06/14
8993;14;312;30/06/14
8994;13;154;30/06/14
8995;14;273;4/07/14
8996;8;135;4/07/14
8997;15;141;7/07/14
8998;13;246;7/07/14
8999;12;282;7/07/14
9000;12;237;9/07/14
9001;9;180;9/07/14
9002;8;152;9/07/14
9003;10;157;10/07/14
9004;19;182;10/07/14
9005;5;319;11/07/14
9006;5;230;11/07/14
9007;12;205;13/07/14
9008;6;164;13/07/14
9009;17;198;14/07/14
9010;20;161;14/07/14
9011;16;300;15/07/14
9012;18;298;15/07/14
9013;12;120;16/07/14
9014;3;151;17/07/14
9015;13;150;17/07/14
9016;8;238;17/07/14
9017;1;307;17/07/14
9018;14;136;17/07/14
9019;4;156;18/07/14
9020;9;155;18/07/14
9021;18;181;19/07/14
9022;15;292;19/07/14
9023;14;198;19/07/14
9024;9;266;21/07/14
9025;7;232;21/07/14
9026;18;168;21/07/14
9027;9;150;21/07/14
9028;18;173;22/07/14
9029;3;197;22/07/14
9030;18;101;22/07/14
9031;4;277;22/07/14
9032;6;141;22/07/14
9033;20;202;22/07/14
9034;14;224;22/07/14
9035;2;286;23/07/14
9036;6;205;23/07/14
9037;1;179;23/07/14
9038;10;204;25/07/14
9039;13;115;25/07/14
9040;2;214;25/07/14
9041;2;254;27/07/14
9042;7;283;28/07/14
9043;15;106;28/07/14
9044;18;171;29/07/14
9045;17;261;29/07/14
9046;20;297;30/07/14
9047;9;300;1/08/14
9048;4;166;1/08/14
9049;14;185;2/08/14
9050;17;246;2/08/14
9051;10;239;2/08/14
9052;12;211;2/08/14
9053;5;102;3/08/14
9054;8;215;3/08/14
9055;6;162;3/08/14
9056;15;250;3/08/14
9057;13;243;4/08/14
9058;2;300;4/08/14
9059;14;263;5/08/14
9060;17;285;5/08/14
9061;8;309;5/08/14
9062;17;306;6/08/14
9063;8;293;6/08/14
9064;7;201;8/08/14
9065;12;183;8/08/14
9066;15;171;8/08/14
9067;11;121;8/08/14
9068;14;209;12/08/14
9069;3;113;12/08/14
9070;5;187;12/08/14
9071;14;221;13/08/14
9072;17;172;13/08/14
9073;10;117;13/08/14
9074;19;180;16/08/14
9075;4;173;21/08/14
9076;17;219;21/08/14
9077;18;299;21/08/14
9078;13;286;22/08/14
9079;15;316;22/08/14
9080;2;232;22/08/14
9081;5;202;22/08/14
9082;17;151;24/08/14
9083;14;167;24/08/14
9084;12;188;24/08/14
9085;9;218;24/08/14
9086;13;319;27/08/14
9087;18;198;27/08/14
9088;11;193;28/08/14
9089;9;199;28/08/14
9090;15;193;28/08/14
9091;9;166;30/08/14
9092;7;175;30/08/14
9093;7;267;30/08/14
9094;12;195;30/08/14
9095;11;244;31/08/14
9096;11;131;31/08/14
9097;15;283;1/09/14
9098;20;257;3/09/14
9099;4;275;3/09/14
9100;17;150;3/09/14
9101;7;253;3/09/14
9102;20;251;4/09/14
9103;8;210;7/09/14
9104;17;129;7/09/14
9105;20;188;9/09/14
9106;4;141;9/09/14
9107;13;131;9/09/14
9108;16;146;9/09/14
9109;6;235;9/09/14
9110;8;105;10/09/14
9111;19;246;10/09/14
9112;3;154;13/09/14
9113;1;259;13/09/14
9114;13;140;15/09/14
9115;2;318;15/09/14
9116;1;297;19/09/14
9117;20;208;20/09/14
9118;6;206;20/09/14
9119;17;143;20/09/14
9120;13;213;20/09/14
9121;14;195;21/09/14
9122;3;171;22/09/14
9123;17;133;22/09/14
9124;7;135;22/09/14
9125;16;260;22/09/14
9126;9;191;22/09/14
9127;5;297;22/09/14
9128;1;184;23/09/14
9129;1;194;23/09/14
9130;1;194;26/09/14
9131;5;300;26/09/14
9132;3;212;26/09/14
9133;4;266;26/09/14
9134;10;139;27/09/14
9135;7;299;27/09/14
9136;12;179;27/09/14
9137;12;309;27/09/14
9138;4;124;28/09/14
9139;3;298;28/09/14
9140;15;210;30/09/14
9141;7;124;30/09/14
9142;2;239;2/10/14
9143;1;276;2/10/14
9144;16;184;2/10/14
9145;19;230;3/10/14
9146;3;214;3/10/14
9147;4;291;3/10/14
9148;2;212;5/10/14
9149;6;200;6/10/14
9150;7;128;6/10/14
9151;2;104;8/10/14
9152;2;161;8/10/14
9153;9;178;8/10/14
9154;7;196;9/10/14
9155;12;149;10/10/14
9156;8;152;11/10/14
9157;15;207;12/10/14
9158;19;150;12/10/14
9159;9;313;14/10/14
9160;4;310;14/10/14
9161;9;283;17/10/14
9162;17;272;17/10/14
9163;8;105;17/10/14
9164;2;232;19/10/14
9165;17;224;20/10/14
9166;15;141;20/10/14
9167;18;175;21/10/14
9168;9;205;21/10/14
9169;7;159;22/10/14
9170;6;100;22/10/14
9171;6;226;22/10/14
9172;12;183;22/10/14
9173;20;118;22/10/14
9174;19;311;22/10/14
9175;4;271;22/10/14
9176;11;298;23/10/14
9177;11;128;23/10/14
9178;17;260;24/10/14
9179;10;272;24/10/14
9180;20;134;24/10/14
9181;2;165;24/10/14
9182;2;104;24/10/14
9183;6;290;25/10/14
9184;1;319;25/10/14
9185;1;279;25/10/14
9186;7;231;25/10/14
9187;7;201;25/10/14
9188;8;134;28/10/14
9189;8;155;28/10/14
9190;2;269;29/10/14
9191;9;292;30/10/14
9192;3;106;30/10/14
9193;20;251;30/10/14
9194;10;207;31/10/14
9195;15;184;31/10/14
9196;18;134;31/10/14
9197;7;293;1/11/14
9198;8;259;1/11/14
9199;17;238;3/11/14
9200;3;318;3/11/14
9201;10;253;3/11/14
9202;14;209;3/11/14
9203;17;263;4/11/14
9204;17;143;4/11/14
9205;18;230;4/11/14
9206;18;227;4/11/14
9207;9;256;5/11/14
9208;15;301;6/11/14
9209;9;138;6/11/14
9210;4;129;6/11/14
9211;5;116;6/11/14
9212;13;225;7/11/14
9213;17;209;7/11/14
9214;13;250;8/11/14
9215;2;259;12/11/14
9216;2;148;12/11/14
9217;13;114;13/11/14
9218;8;271;14/11/14
9219;6;148;14/11/14
9220;7;144;14/11/14
9221;10;153;14/11/14
9222;8;109;15/11/14
9223;18;233;15/11/14
9224;2;294;16/11/14
9225;19;113;16/11/14
9226;5;144;16/11/14
9227;15;256;17/11/14
9228;8;192;17/11/14
9229;9;244;17/11/14
9230;7;107;17/11/14
9231;11;197;17/11/14
9232;7;282;19/11/14
9233;10;187;19/11/14
9234;16;224;23/11/14
9235;16;166;23/11/14
9236;10;241;24/11/14
9237;16;103;24/11/14
9238;20;192;25/11/14
9239;2;272;25/11/14
9240;2;305;25/11/14
9241;8;241;26/11/14
9242;1;205;26/11/14
9243;16;314;27/11/14
9244;19;208;27/11/14
9245;17;224;27/11/14
9246;8;230;27/11/14
9247;14;312;1/12/14
9248;18;184;1/12/14
9249;3;182;2/12/14
9250;11;120;2/12/14
9251;13;277;3/12/14
9252;2;237;3/12/14
9253;15;165;3/12/14
9254;13;266;3/12/14
9255;12;190;5/12/14
9256;11;262;5/12/14
9257;10;301;6/12/14
9258;11;191;6/12/14
9259;17;290;7/12/14
9260;1;229;8/12/14
9261;12;202;8/12/14
9262;10;199;8/12/14
9263;12;220;9/12/14
9264;15;125;9/12/14
9265;3;300;11/12/14
9266;16;167;12/12/14
9267;20;268;12/12/14
9268;5;266;13/12/14
9269;3;270;13/12/14
9270;1;232;13/12/14
9271;9;317;13/12/14
9272;15;185;13/12/14
9273;12;185;13/12/14
9274;6;155;13/12/14
9275;16;202;13/12/14
9276;1;216;13/12/14
9277;11;168;13/12/14
9278;20;144;14/12/14
9279;15;162;14/12/14
9280;14;239;15/12/14
9281;9;309;15/12/14
9282;4;205;16/12/14
9283;7;295;16/12/14
9284;5;275;19/12/14
9285;17;126;19/12/14
9286;20;259;19/12/14
9287;8;167;19/12/14
9288;9;196;20/12/14
9289;6;289;20/12/14
9290;6;276;22/12/14
9291;2;191;22/12/14
9292;5;174;23/12/14
9293;5;136;23/12/14
9294;10;293;23/12/14
9295;2;157;23/12/14
9296;10;174;24/12/14
9297;13;244;24/12/14
9298;6;186;24/12/14
9299;10;239;24/12/14
9300;5;166;25/12/14
9301;15;190;27/12/14
9302;17;262;27/12/14
9303;8;129;27/12/14
9304;18;152;27/12/14
9305;8;269;27/12/14
9306;18;318;27/12/14
9307;20;116;28/12/14
9308;13;238;28/12/14
9309;4;206;28/12/14
9310;15;174;30/12/14
9311;11;316;30/12/14
9312;19;193;30/12/14
9313;1;279;30/12/14
9314;15;181;31/12/14
