OrderID;EmployeeID;CustomerID;Date
8048;12;114;3/01/13
8049;6;274;5/01/13
8050;10;276;6/01/13
8051;10;304;7/01/13
8052;3;249;7/01/13
8053;9;237;8/01/13
8054;8;147;8/01/13
8055;4;155;8/01/13
8056;18;227;9/01/13
8057;11;185;9/01/13
8058;16;226;10/01/13
8059;13;135;10/01/13
8060;20;244;10/01/13
8061;7;272;10/01/13
8062;4;165;10/01/13
8063;18;217;13/01/13
8064;13;221;13/01/13
8065;17;295;13/01/13
8066;5;293;13/01/13
8067;16;193;16/01/13
8068;11;176;17/01/13
8069;20;252;17/01/13
8070;20;317;17/01/13
8071;16;299;17/01/13
8072;5;124;19/01/13
8073;18;142;19/01/13
8074;14;269;19/01/13
8075;1;284;19/01/13
8076;14;235;21/01/13
8077;5;260;21/01/13
8078;7;203;22/01/13
8079;2;207;22/01/13
8080;8;221;23/01/13
8081;12;110;23/01/13
8082;18;247;24/01/13
8083;9;310;24/01/13
8084;13;111;26/01/13
8085;16;206;26/01/13
8086;10;293;26/01/13
8087;5;149;27/01/13
8088;8;145;27/01/13
8089;8;232;27/01/13
8090;12;302;27/01/13
8091;10;160;28/01/13
8092;9;263;28/01/13
8093;7;149;29/01/13
8094;1;312;31/01/13
8095;12;280;31/01/13
8096;16;272;1/02/13
8097;18;100;1/02/13
8098;16;175;1/02/13
8099;12;143;2/02/13
8100;17;204;2/02/13
8101;18;115;2/02/13
8102;9;307;2/02/13
8103;13;123;2/02/13
8104;11;274;2/02/13
8105;18;305;3/02/13
8106;4;163;3/02/13
8107;16;246;3/02/13
8108;12;188;3/02/13
8109;2;292;5/02/13
8110;2;230;6/02/13
8111;16;116;6/02/13
8112;14;226;7/02/13
8113;16;195;7/02/13
8114;16;104;9/02/13
8115;14;168;9/02/13
8116;7;130;10/02/13
8117;1;313;10/02/13
8118;7;306;11/02/13
8119;8;150;11/02/13
8120;20;211;12/02/13
8121;11;143;12/02/13
8122;20;195;13/02/13
8123;2;259;14/02/13
8124;13;288;14/02/13
8125;2;187;14/02/13
8126;7;213;14/02/13
8127;5;163;15/02/13
8128;16;174;15/02/13
8129;18;150;15/02/13
8130;4;205;17/02/13
8131;7;312;17/02/13
8132;20;103;18/02/13
8133;4;215;18/02/13
8134;7;133;21/02/13
8135;15;189;21/02/13
8136;6;236;25/02/13
8137;19;252;25/02/13
8138;8;138;26/02/13
8139;16;165;26/02/13
8140;18;109;27/02/13
8141;3;247;27/02/13
8142;2;154;28/02/13
8143;15;253;28/02/13
8144;10;219;1/03/13
8145;4;207;1/03/13
8146;8;241;1/03/13
8147;2;179;1/03/13
8148;12;216;2/03/13
8149;3;136;2/03/13
8150;20;130;2/03/13
8151;20;307;2/03/13
8152;3;205;3/03/13
8153;15;264;4/03/13
8154;4;147;4/03/13
8155;6;121;5/03/13
8156;12;161;5/03/13
8157;4;179;6/03/13
8158;5;105;6/03/13
8159;4;116;6/03/13
8160;5;257;6/03/13
8161;10;221;8/03/13
8162;14;279;8/03/13
8163;1;104;9/03/13
8164;10;168;9/03/13
8165;4;259;9/03/13
8166;7;239;9/03/13
8167;15;234;10/03/13
8168;11;285;10/03/13
8169;7;294;10/03/13
8170;19;169;12/03/13
8171;12;235;12/03/13
8172;13;125;12/03/13
8173;19;102;12/03/13
8174;12;265;12/03/13
8175;6;275;12/03/13
8176;10;154;13/03/13
8177;1;202;13/03/13
8178;13;300;13/03/13
8179;12;285;17/03/13
8180;5;136;17/03/13
8181;11;133;17/03/13
8182;2;244;17/03/13
8183;14;188;18/03/13
8184;13;139;21/03/13
8185;11;100;21/03/13
8186;13;245;24/03/13
8187;19;116;24/03/13
8188;9;122;26/03/13
8189;4;286;26/03/13
8190;3;243;29/03/13
8191;7;131;29/03/13
8192;1;203;29/03/13
8193;17;123;30/03/13
8194;17;192;30/03/13
8195;17;219;30/03/13
8196;18;209;30/03/13
8197;9;186;31/03/13
8198;19;277;31/03/13
8199;13;128;2/04/13
8200;18;317;2/04/13
8201;3;123;2/04/13
8202;19;149;2/04/13
8203;10;286;3/04/13
8204;5;209;5/04/13
8205;1;272;5/04/13
8206;18;253;5/04/13
8207;9;182;5/04/13
8208;1;239;6/04/13
8209;9;215;7/04/13
8210;13;205;7/04/13
8211;17;251;8/04/13
8212;14;237;8/04/13
8213;17;171;8/04/13
8214;13;106;9/04/13
8215;16;294;9/04/13
8216;6;248;10/04/13
8217;15;114;10/04/13
8218;15;296;10/04/13
8219;18;182;10/04/13
8220;3;303;11/04/13
8221;5;224;11/04/13
8222;8;108;11/04/13
8223;12;126;11/04/13
8224;5;111;14/04/13
8225;1;140;14/04/13
8226;9;109;15/04/13
8227;15;277;17/04/13
8228;16;212;17/04/13
8229;14;107;17/04/13
8230;16;253;18/04/13
8231;10;276;20/04/13
8232;6;176;20/04/13
8233;1;214;20/04/13
8234;17;279;20/04/13
8235;14;220;21/04/13
8236;1;195;21/04/13
8237;12;216;21/04/13
8238;14;126;21/04/13
8239;6;119;22/04/13
8240;16;314;22/04/13
8241;8;132;28/04/13
8242;5;177;28/04/13
8243;16;211;1/05/13
8244;6;280;3/05/13
8245;20;110;4/05/13
8246;1;227;4/05/13
8247;7;114;4/05/13
8248;4;122;5/05/13
8249;11;107;7/05/13
8250;5;240;7/05/13
8251;15;200;8/05/13
8252;13;180;8/05/13
8253;6;223;8/05/13
8254;1;101;9/05/13
8255;13;144;9/05/13
8256;17;276;9/05/13
8257;20;305;10/05/13
8258;17;242;12/05/13
8259;4;236;12/05/13
8260;16;219;13/05/13
8261;15;166;13/05/13
8262;10;127;13/05/13
8263;10;130;15/05/13
8264;15;218;16/05/13
8265;19;132;16/05/13
8266;19;264;17/05/13
8267;15;313;19/05/13
8268;19;171;20/05/13
8269;13;163;20/05/13
8270;10;295;20/05/13
8271;14;222;20/05/13
8272;11;242;22/05/13
8273;19;149;23/05/13
8274;2;302;23/05/13
8275;2;128;24/05/13
8276;6;108;25/05/13
8277;17;153;25/05/13
8278;11;273;25/05/13
8279;3;304;25/05/13
8280;8;188;25/05/13
8281;15;306;26/05/13
8282;20;163;26/05/13
8283;12;303;27/05/13
8284;13;203;27/05/13
8285;13;263;27/05/13
8286;19;110;27/05/13
8287;11;127;27/05/13
8288;14;246;27/05/13
8289;9;294;27/05/13
8290;18;203;28/05/13
8291;10;300;28/05/13
8292;13;235;28/05/13
8293;4;257;28/05/13
8294;16;120;28/05/13
8295;2;302;28/05/13
8296;12;229;30/05/13
8297;9;251;30/05/13
8298;11;109;31/05/13
8299;10;204;31/05/13
8300;20;194;31/05/13
8301;10;304;1/06/13
8302;14;111;2/06/13
8303;8;117;2/06/13
8304;13;205;2/06/13
8305;13;119;2/06/13
8306;1;281;3/06/13
8307;11;194;3/06/13
8308;18;252;4/06/13
8309;19;148;4/06/13
8310;9;202;5/06/13
8311;4;167;5/06/13
8312;20;159;6/06/13
8313;8;217;6/06/13
8314;3;242;6/06/13
8315;16;316;7/06/13
8316;10;289;10/06/13
8317;10;136;10/06/13
8318;17;145;10/06/13
8319;18;166;10/06/13
8320;15;100;11/06/13
8321;13;184;13/06/13
8322;13;125;13/06/13
8323;9;295;13/06/13
8324;8;207;13/06/13
8325;12;258;13/06/13
8326;12;108;13/06/13
8327;18;168;14/06/13
8328;7;256;14/06/13
8329;13;285;15/06/13
8330;20;198;15/06/13
8331;4;224;15/06/13
8332;2;290;15/06/13
8333;15;317;17/06/13
8334;10;144;17/06/13
8335;14;207;17/06/13
8336;11;231;17/06/13
8337;20;270;18/06/13
8338;4;197;18/06/13
8339;17;161;19/06/13
8340;20;100;19/06/13
8341;1;191;19/06/13
8342;17;283;19/06/13
8343;20;312;21/06/13
8344;10;184;21/06/13
8345;20;174;21/06/13
8346;5;268;21/06/13
8347;8;190;21/06/13
8348;12;125;22/06/13
8349;8;179;22/06/13
8350;8;222;23/06/13
8351;2;119;23/06/13
8352;4;192;24/06/13
8353;1;134;25/06/13
8354;17;170;25/06/13
8355;14;175;26/06/13
8356;6;293;26/06/13
8357;5;139;29/06/13
8358;4;264;29/06/13
8359;14;188;29/06/13
8360;8;233;30/06/13
8361;13;196;30/06/13
8362;2;262;30/06/13
8363;19;203;30/06/13
8364;10;154;2/07/13
8365;19;146;3/07/13
8366;8;211;4/07/13
8367;16;174;4/07/13
8368;19;308;4/07/13
8369;10;242;4/07/13
8370;9;135;4/07/13
8371;17;273;7/07/13
8372;17;239;7/07/13
8373;2;232;7/07/13
8374;1;160;8/07/13
8375;19;211;8/07/13
8376;17;177;9/07/13
8377;4;286;9/07/13
8378;9;239;9/07/13
8379;13;247;11/07/13
8380;16;198;11/07/13
8381;15;317;12/07/13
8382;15;229;12/07/13
8383;11;161;13/07/13
8384;9;161;15/07/13
8385;16;272;15/07/13
8386;15;132;15/07/13
8387;19;108;18/07/13
8388;19;222;18/07/13
8389;13;153;18/07/13
8390;5;292;19/07/13
8391;9;263;19/07/13
8392;17;156;19/07/13
8393;20;103;21/07/13
8394;10;297;22/07/13
8395;8;268;22/07/13
8396;13;162;24/07/13
8397;12;145;25/07/13
8398;8;232;25/07/13
8399;8;226;25/07/13
8400;13;240;26/07/13
8401;4;292;26/07/13
8402;13;110;26/07/13
8403;14;274;26/07/13
8404;18;207;27/07/13
8405;7;243;27/07/13
8406;12;270;30/07/13
8407;5;130;30/07/13
8408;1;255;1/08/13
8409;1;200;2/08/13
8410;12;126;3/08/13
8411;3;162;3/08/13
8412;20;299;3/08/13
8413;1;146;4/08/13
8414;7;225;4/08/13
8415;7;165;4/08/13
8416;7;235;5/08/13
8417;15;318;5/08/13
8418;12;257;9/08/13
8419;7;293;10/08/13
8420;3;234;10/08/13
8421;5;224;10/08/13
8422;2;113;11/08/13
8423;8;181;11/08/13
8424;5;112;11/08/13
8425;20;188;11/08/13
8426;2;115;12/08/13
8427;1;121;12/08/13
8428;5;163;14/08/13
8429;16;301;14/08/13
8430;11;317;14/08/13
8431;9;129;14/08/13
8432;7;222;15/08/13
8433;5;319;15/08/13
8434;5;221;15/08/13
8435;8;178;16/08/13
8436;17;207;16/08/13
8437;7;198;17/08/13
8438;2;144;18/08/13
8439;15;148;18/08/13
8440;8;234;18/08/13
8441;8;126;19/08/13
8442;12;148;21/08/13
8443;18;244;21/08/13
8444;10;240;21/08/13
8445;6;158;21/08/13
8446;5;302;21/08/13
8447;10;205;22/08/13
8448;10;105;22/08/13
8449;19;291;23/08/13
8450;15;213;24/08/13
8451;18;259;24/08/13
8452;13;140;26/08/13
8453;5;116;27/08/13
8454;2;157;27/08/13
8455;2;156;27/08/13
8456;20;262;27/08/13
8457;9;233;27/08/13
8458;2;307;30/08/13
8459;7;189;30/08/13
8460;7;260;30/08/13
8461;4;199;30/08/13
8462;15;103;30/08/13
8463;14;281;30/08/13
8464;1;249;30/08/13
8465;3;243;31/08/13
8466;20;317;31/08/13
8467;3;160;31/08/13
8468;8;226;31/08/13
8469;8;226;31/08/13
8470;2;114;1/09/13
8471;5;205;1/09/13
8472;13;100;1/09/13
8473;8;311;1/09/13
8474;20;196;1/09/13
8475;14;311;1/09/13
8476;9;162;1/09/13
8477;2;266;1/09/13
8478;14;170;2/09/13
8479;11;147;2/09/13
8480;18;234;2/09/13
8481;7;312;2/09/13
8482;19;263;3/09/13
8483;20;247;3/09/13
8484;17;100;3/09/13
8485;12;249;3/09/13
8486;20;223;3/09/13
8487;13;157;3/09/13
8488;3;228;5/09/13
8489;16;229;5/09/13
8490;6;228;5/09/13
8491;19;185;5/09/13
8492;3;176;6/09/13
8493;8;315;6/09/13
8494;11;223;7/09/13
8495;18;245;8/09/13
8496;18;116;9/09/13
8497;19;311;9/09/13
8498;4;101;9/09/13
8499;6;235;9/09/13
8500;16;236;9/09/13
8501;7;148;10/09/13
8502;1;173;10/09/13
8503;5;222;13/09/13
8504;19;267;13/09/13
8505;18;141;14/09/13
8506;1;118;14/09/13
8507;8;267;16/09/13
8508;3;189;16/09/13
8509;17;213;16/09/13
8510;5;258;16/09/13
8511;4;119;18/09/13
8512;3;286;18/09/13
8513;10;285;18/09/13
8514;2;281;18/09/13
8515;2;246;19/09/13
8516;14;241;19/09/13
8517;8;127;20/09/13
8518;19;212;20/09/13
8519;13;258;20/09/13
8520;11;174;20/09/13
8521;20;299;21/09/13
8522;18;182;21/09/13
8523;19;193;21/09/13
8524;2;224;21/09/13
8525;12;298;21/09/13
8526;15;209;23/09/13
8527;11;285;23/09/13
8528;18;315;24/09/13
8529;6;268;24/09/13
8530;3;156;24/09/13
8531;7;181;24/09/13
8532;16;271;26/09/13
8533;12;304;26/09/13
8534;8;227;26/09/13
8535;11;172;27/09/13
8536;10;318;27/09/13
8537;10;143;28/09/13
8538;10;130;28/09/13
8539;16;311;28/09/13
8540;19;177;28/09/13
8541;19;101;28/09/13
8542;8;121;29/09/13
8543;2;169;29/09/13
8544;14;161;29/09/13
8545;6;237;29/09/13
8546;6;173;29/09/13
8547;8;122;29/09/13
8548;8;308;1/10/13
8549;5;294;2/10/13
8550;16;306;2/10/13
8551;9;163;2/10/13
8552;20;142;2/10/13
8553;1;209;4/10/13
8554;6;119;4/10/13
8555;5;161;5/10/13
8556;4;272;5/10/13
8557;17;250;11/10/13
8558;4;312;11/10/13
8559;8;313;12/10/13
8560;11;294;12/10/13
8561;20;174;12/10/13
8562;12;281;13/10/13
8563;17;156;13/10/13
8564;7;258;16/10/13
8565;11;162;16/10/13
8566;20;139;22/10/13
8567;20;109;22/10/13
8568;11;226;23/10/13
8569;9;110;23/10/13
8570;1;191;23/10/13
8571;13;104;24/10/13
8572;14;207;24/10/13
8573;5;209;24/10/13
8574;10;315;24/10/13
8575;17;317;25/10/13
8576;17;248;25/10/13
8577;2;150;25/10/13
8578;12;141;26/10/13
8579;16;230;26/10/13
8580;19;188;27/10/13
8581;19;190;27/10/13
8582;19;105;27/10/13
8583;5;291;27/10/13
8584;20;291;28/10/13
8585;5;185;28/10/13
8586;6;132;28/10/13
8587;4;164;29/10/13
8588;15;175;29/10/13
8589;14;226;29/10/13
8590;7;119;29/10/13
8591;15;172;30/10/13
8592;4;125;30/10/13
8593;8;128;31/10/13
8594;10;111;31/10/13
8595;10;182;1/11/13
8596;9;216;2/11/13
8597;9;157;3/11/13
8598;14;315;3/11/13
8599;14;228;5/11/13
8600;19;242;5/11/13
8601;3;204;5/11/13
8602;8;196;5/11/13
8603;11;187;5/11/13
8604;14;199;5/11/13
8605;7;209;6/11/13
8606;3;244;7/11/13
8607;9;259;7/11/13
8608;8;154;10/11/13
8609;5;103;10/11/13
8610;6;242;10/11/13
8611;8;256;11/11/13
8612;14;157;11/11/13
8613;11;186;12/11/13
8614;10;143;12/11/13
8615;6;173;14/11/13
8616;7;226;15/11/13
8617;20;231;15/11/13
8618;4;147;17/11/13
8619;10;270;17/11/13
8620;11;160;21/11/13
8621;2;195;21/11/13
8622;1;208;22/11/13
8623;3;166;23/11/13
8624;20;159;24/11/13
8625;5;273;24/11/13
8626;10;173;25/11/13
8627;12;111;27/11/13
8628;19;271;27/11/13
8629;9;269;27/11/13
8630;12;314;27/11/13
8631;4;212;27/11/13
8632;17;294;28/11/13
8633;10;251;28/11/13
8634;7;100;28/11/13
8635;17;237;28/11/13
8636;2;173;30/11/13
8637;13;303;1/12/13
8638;8;274;1/12/13
8639;5;272;1/12/13
8640;19;207;3/12/13
8641;5;153;4/12/13
8642;3;186;4/12/13
8643;12;230;5/12/13
8644;16;154;5/12/13
8645;18;194;6/12/13
8646;5;115;6/12/13
8647;15;265;7/12/13
8648;11;133;7/12/13
8649;18;177;7/12/13
8650;8;272;7/12/13
8651;15;267;8/12/13
8652;11;158;8/12/13
8653;17;190;8/12/13
8654;16;206;9/12/13
8655;20;297;9/12/13
8656;10;264;10/12/13
8657;8;188;10/12/13
8658;8;178;10/12/13
8659;1;188;10/12/13
8660;19;312;10/12/13
8661;19;247;10/12/13
8662;1;101;11/12/13
8663;13;163;11/12/13
8664;12;243;11/12/13
8665;16;296;11/12/13
8666;11;269;11/12/13
8667;5;228;13/12/13
8668;20;289;14/12/13
8669;13;258;14/12/13
8670;17;146;15/12/13
8671;7;152;15/12/13
8672;19;221;15/12/13
8673;5;193;15/12/13
8674;19;303;17/12/13
8675;18;156;17/12/13
8676;14;179;17/12/13
8677;13;132;18/12/13
8678;18;192;18/12/13
8679;7;236;18/12/13
8680;14;285;18/12/13
8681;8;196;18/12/13
8682;15;193;18/12/13
8683;8;246;20/12/13
8684;13;153;20/12/13
8685;16;187;21/12/13
8686;13;125;21/12/13
8687;3;288;24/12/13
8688;12;153;24/12/13
8689;20;107;24/12/13
8690;19;289;24/12/13
8691;17;246;24/12/13
8692;7;127;24/12/13
8693;13;257;25/12/13
8694;19;124;25/12/13
8695;2;237;25/12/13
8696;12;316;25/12/13
8697;1;235;26/12/13
8698;13;164;27/12/13
8699;16;148;27/12/13
8700;10;313;27/12/13
8701;5;162;28/12/13
8702;3;251;28/12/13
8703;3;113;28/12/13
8704;19;153;28/12/13
8705;9;187;29/12/13
8706;16;103;29/12/13
8707;18;302;29/12/13
8708;13;286;30/12/13
8709;4;156;30/12/13
