OrderID;EmployeeID;CustomerID;Date
3062;8;188;2/01/05
3063;20;109;2/01/05
3064;12;222;2/01/05
3065;1;290;2/01/05
3066;5;294;2/01/05
3067;14;228;2/01/05
3068;16;290;3/01/05
3069;2;183;3/01/05
3070;16;109;3/01/05
3071;16;122;4/01/05
3072;11;242;4/01/05
3073;5;182;6/01/05
3074;13;285;7/01/05
3075;6;254;7/01/05
3076;5;167;11/01/05
3077;13;182;11/01/05
3078;19;142;11/01/05
3079;14;280;11/01/05
3080;14;285;11/01/05
3081;3;110;11/01/05
3082;7;155;13/01/05
3083;11;187;13/01/05
3084;12;259;15/01/05
3085;2;261;15/01/05
3086;1;206;15/01/05
3087;10;121;17/01/05
3088;17;283;17/01/05
3089;13;150;17/01/05
3090;19;261;17/01/05
3091;7;182;18/01/05
3092;2;240;18/01/05
3093;1;203;18/01/05
3094;14;276;18/01/05
3095;14;124;19/01/05
3096;7;225;19/01/05
3097;19;139;19/01/05
3098;17;267;19/01/05
3099;11;148;21/01/05
3100;4;206;23/01/05
3101;10;128;24/01/05
3102;11;302;24/01/05
3103;13;222;25/01/05
3104;13;259;25/01/05
3105;10;130;26/01/05
3106;16;144;26/01/05
3107;3;290;31/01/05
3108;3;264;31/01/05
3109;13;220;31/01/05
3110;19;236;31/01/05
3111;6;163;3/02/05
3112;14;207;4/02/05
3113;3;249;4/02/05
3114;13;215;6/02/05
3115;12;100;6/02/05
3116;15;229;6/02/05
3117;13;237;6/02/05
3118;4;170;7/02/05
3119;12;302;7/02/05
3120;2;134;7/02/05
3121;9;222;7/02/05
3122;20;176;10/02/05
3123;1;306;10/02/05
3124;4;138;10/02/05
3125;11;152;10/02/05
3126;6;290;11/02/05
3127;16;293;11/02/05
3128;15;117;12/02/05
3129;11;243;12/02/05
3130;1;159;12/02/05
3131;9;201;12/02/05
3132;7;189;15/02/05
3133;5;223;15/02/05
3134;7;275;15/02/05
3135;13;110;16/02/05
3136;12;304;16/02/05
3137;3;120;17/02/05
3138;19;302;17/02/05
3139;10;167;18/02/05
3140;12;204;18/02/05
3141;3;157;18/02/05
3142;13;186;18/02/05
3143;1;290;18/02/05
3144;3;217;18/02/05
3145;4;279;18/02/05
3146;19;211;20/02/05
3147;20;202;20/02/05
3148;18;144;21/02/05
3149;3;170;21/02/05
3150;5;165;21/02/05
3151;3;183;21/02/05
3152;7;139;23/02/05
3153;10;243;23/02/05
3154;10;227;23/02/05
3155;8;307;24/02/05
3156;16;253;24/02/05
3157;9;190;24/02/05
3158;3;175;24/02/05
3159;15;293;24/02/05
3160;14;216;25/02/05
3161;19;102;25/02/05
3162;8;141;26/02/05
3163;12;105;27/02/05
3164;5;136;27/02/05
3165;3;114;27/02/05
3166;14;203;3/03/05
3167;5;307;3/03/05
3168;18;150;5/03/05
3169;4;124;5/03/05
3170;18;131;7/03/05
3171;1;205;7/03/05
3172;20;203;7/03/05
3173;10;151;8/03/05
3174;13;292;8/03/05
3175;7;231;9/03/05
3176;14;159;9/03/05
3177;1;317;10/03/05
3178;8;132;10/03/05
3179;17;134;10/03/05
3180;4;247;11/03/05
3181;7;210;11/03/05
3182;4;229;11/03/05
3183;19;126;11/03/05
3184;8;177;11/03/05
3185;14;194;12/03/05
3186;20;183;12/03/05
3187;14;205;13/03/05
3188;5;191;14/03/05
3189;9;129;16/03/05
3190;7;277;18/03/05
3191;9;303;18/03/05
3192;9;242;18/03/05
3193;14;264;18/03/05
3194;9;288;18/03/05
3195;12;236;20/03/05
3196;4;195;20/03/05
3197;4;224;21/03/05
3198;8;276;21/03/05
3199;6;155;22/03/05
3200;11;114;22/03/05
3201;12;300;23/03/05
3202;7;276;23/03/05
3203;18;194;23/03/05
3204;7;193;23/03/05
3205;19;303;23/03/05
3206;11;218;28/03/05
3207;6;280;28/03/05
3208;16;101;30/03/05
3209;4;100;2/04/05
3210;18;239;2/04/05
3211;8;300;2/04/05
3212;17;175;3/04/05
3213;17;223;3/04/05
3214;5;176;4/04/05
3215;8;191;4/04/05
3216;20;314;6/04/05
3217;14;302;6/04/05
3218;3;212;6/04/05
3219;4;258;6/04/05
3220;10;179;6/04/05
3221;3;294;6/04/05
3222;7;274;6/04/05
3223;11;178;8/04/05
3224;4;186;8/04/05
3225;6;191;11/04/05
3226;11;304;11/04/05
3227;6;119;14/04/05
3228;4;274;14/04/05
3229;16;187;15/04/05
3230;3;209;15/04/05
3231;6;173;15/04/05
3232;7;104;16/04/05
3233;14;287;16/04/05
3234;18;297;17/04/05
3235;16;283;17/04/05
3236;6;164;18/04/05
3237;1;231;18/04/05
3238;3;186;18/04/05
3239;7;215;19/04/05
3240;2;199;19/04/05
3241;6;224;19/04/05
3242;5;254;19/04/05
3243;4;275;19/04/05
3244;12;291;19/04/05
3245;17;265;20/04/05
3246;7;104;20/04/05
3247;10;233;21/04/05
3248;19;106;21/04/05
3249;1;295;21/04/05
3250;8;249;21/04/05
3251;18;159;21/04/05
3252;16;230;21/04/05
3253;9;129;22/04/05
3254;10;125;22/04/05
3255;16;175;23/04/05
3256;17;173;23/04/05
3257;15;263;23/04/05
3258;4;107;24/04/05
3259;18;108;24/04/05
3260;20;316;27/04/05
3261;1;204;27/04/05
3262;12;135;29/04/05
3263;5;262;29/04/05
3264;19;166;30/04/05
3265;4;180;30/04/05
3266;9;311;1/05/05
3267;16;186;5/05/05
3268;14;141;5/05/05
3269;6;269;5/05/05
3270;8;306;5/05/05
3271;19;107;6/05/05
3272;11;218;8/05/05
3273;8;259;8/05/05
3274;7;274;9/05/05
3275;16;252;9/05/05
3276;18;135;9/05/05
3277;7;227;11/05/05
3278;16;244;11/05/05
3279;10;297;12/05/05
3280;8;147;12/05/05
3281;6;148;12/05/05
3282;8;233;12/05/05
3283;14;304;13/05/05
3284;10;249;13/05/05
3285;10;109;13/05/05
3286;4;113;15/05/05
3287;16;104;15/05/05
3288;19;310;15/05/05
3289;2;165;15/05/05
3290;14;318;15/05/05
3291;19;251;15/05/05
3292;7;261;15/05/05
3293;8;105;16/05/05
3294;19;274;16/05/05
3295;9;231;20/05/05
3296;2;205;20/05/05
3297;6;199;22/05/05
3298;7;144;22/05/05
3299;1;214;22/05/05
3300;13;266;23/05/05
3301;11;180;23/05/05
3302;7;158;24/05/05
3303;6;266;24/05/05
3304;3;184;25/05/05
3305;7;224;25/05/05
3306;7;208;25/05/05
3307;2;244;26/05/05
3308;10;226;26/05/05
3309;15;241;28/05/05
3310;10;282;28/05/05
3311;20;101;28/05/05
3312;11;270;28/05/05
3313;11;152;29/05/05
3314;19;193;29/05/05
3315;16;120;29/05/05
3316;9;233;29/05/05
3317;20;242;30/05/05
3318;3;261;30/05/05
3319;5;308;30/05/05
3320;16;272;30/05/05
3321;6;155;1/06/05
3322;13;235;1/06/05
3323;7;160;1/06/05
3324;19;126;1/06/05
3325;5;154;2/06/05
3326;7;184;2/06/05
3327;4;243;2/06/05
3328;10;154;2/06/05
3329;9;160;4/06/05
3330;1;227;4/06/05
3331;12;278;5/06/05
3332;9;232;5/06/05
3333;8;285;7/06/05
3334;10;167;7/06/05
3335;12;214;7/06/05
3336;3;144;7/06/05
3337;19;216;8/06/05
3338;3;141;8/06/05
3339;20;282;11/06/05
3340;16;274;11/06/05
3341;2;157;11/06/05
3342;17;148;13/06/05
3343;14;278;13/06/05
3344;5;125;13/06/05
3345;5;209;13/06/05
3346;10;304;14/06/05
3347;15;174;16/06/05
3348;11;165;16/06/05
3349;2;215;16/06/05
3350;3;129;16/06/05
3351;18;110;17/06/05
3352;12;176;17/06/05
3353;10;277;22/06/05
3354;14;249;22/06/05
3355;12;248;23/06/05
3356;19;195;24/06/05
3357;11;245;28/06/05
3358;9;151;28/06/05
3359;13;173;29/06/05
3360;18;289;29/06/05
3361;4;205;30/06/05
3362;15;188;30/06/05
3363;19;115;30/06/05
3364;14;227;1/07/05
3365;7;155;1/07/05
3366;7;222;1/07/05
3367;17;314;1/07/05
3368;16;104;2/07/05
3369;2;176;4/07/05
3370;2;261;4/07/05
3371;5;135;6/07/05
3372;8;282;6/07/05
3373;19;100;7/07/05
3374;1;246;7/07/05
3375;13;248;8/07/05
3376;10;246;8/07/05
3377;17;197;9/07/05
3378;11;170;10/07/05
3379;17;169;10/07/05
3380;12;260;11/07/05
3381;10;210;11/07/05
3382;11;123;11/07/05
3383;11;213;13/07/05
3384;12;301;13/07/05
3385;12;250;14/07/05
3386;6;221;14/07/05
3387;9;301;15/07/05
3388;11;110;15/07/05
3389;4;147;16/07/05
3390;2;235;16/07/05
3391;5;277;16/07/05
3392;1;119;18/07/05
3393;12;259;18/07/05
3394;3;246;19/07/05
3395;19;146;22/07/05
3396;9;157;23/07/05
3397;19;230;23/07/05
3398;20;184;23/07/05
3399;20;264;23/07/05
3400;6;198;23/07/05
3401;8;264;23/07/05
3402;3;164;24/07/05
3403;19;150;24/07/05
3404;3;245;24/07/05
3405;12;220;24/07/05
3406;19;166;25/07/05
3407;14;284;25/07/05
3408;6;201;26/07/05
3409;5;157;27/07/05
3410;19;309;1/08/05
3411;16;110;2/08/05
3412;15;224;2/08/05
3413;17;117;2/08/05
3414;20;112;2/08/05
3415;3;214;4/08/05
3416;15;287;5/08/05
3417;14;110;5/08/05
3418;13;164;5/08/05
3419;1;294;5/08/05
3420;5;102;5/08/05
3421;4;267;5/08/05
3422;7;226;6/08/05
3423;9;262;6/08/05
3424;11;138;6/08/05
3425;6;314;7/08/05
3426;3;264;9/08/05
3427;4;248;9/08/05
3428;12;275;11/08/05
3429;15;225;11/08/05
3430;16;128;12/08/05
3431;2;222;12/08/05
3432;9;183;13/08/05
3433;17;109;13/08/05
3434;1;185;14/08/05
3435;11;159;14/08/05
3436;7;102;16/08/05
3437;5;186;16/08/05
3438;10;221;16/08/05
3439;15;318;18/08/05
3440;5;170;18/08/05
3441;7;221;18/08/05
3442;8;194;19/08/05
3443;10;233;19/08/05
3444;6;288;20/08/05
3445;10;148;20/08/05
3446;9;301;20/08/05
3447;10;275;20/08/05
3448;13;144;21/08/05
3449;12;235;21/08/05
3450;11;119;22/08/05
3451;17;139;22/08/05
3452;19;179;22/08/05
3453;2;213;24/08/05
3454;1;291;25/08/05
3455;11;192;26/08/05
3456;14;246;26/08/05
3457;5;162;26/08/05
3458;1;125;26/08/05
3459;19;254;26/08/05
3460;14;179;27/08/05
3461;15;303;27/08/05
3462;5;124;2/09/05
3463;3;308;3/09/05
3464;10;176;3/09/05
3465;12;300;5/09/05
3466;1;164;5/09/05
3467;14;281;5/09/05
3468;5;120;5/09/05
3469;7;168;5/09/05
3470;5;206;5/09/05
3471;19;257;7/09/05
3472;5;233;8/09/05
3473;13;161;8/09/05
3474;3;252;9/09/05
3475;20;213;10/09/05
3476;15;286;10/09/05
3477;5;190;11/09/05
3478;1;130;12/09/05
3479;4;274;12/09/05
3480;3;197;13/09/05
3481;10;169;13/09/05
3482;11;204;13/09/05
3483;18;107;13/09/05
3484;1;247;13/09/05
3485;5;299;14/09/05
3486;12;300;14/09/05
3487;5;147;16/09/05
3488;9;103;16/09/05
3489;19;318;16/09/05
3490;7;131;16/09/05
3491;17;151;18/09/05
3492;16;317;18/09/05
3493;20;315;18/09/05
3494;14;233;18/09/05
3495;17;288;19/09/05
3496;7;177;19/09/05
3497;18;272;19/09/05
3498;10;119;19/09/05
3499;6;178;19/09/05
3500;17;186;19/09/05
3501;17;193;20/09/05
3502;12;245;20/09/05
3503;6;311;20/09/05
3504;4;242;20/09/05
3505;10;111;20/09/05
3506;20;116;20/09/05
3507;2;221;21/09/05
3508;15;132;21/09/05
3509;19;156;22/09/05
3510;8;137;22/09/05
3511;5;106;23/09/05
3512;17;144;23/09/05
3513;19;319;24/09/05
3514;10;146;24/09/05
3515;11;222;24/09/05
3516;14;301;26/09/05
3517;12;132;26/09/05
3518;2;267;26/09/05
3519;14;227;26/09/05
3520;7;110;27/09/05
3521;6;308;27/09/05
3522;10;169;28/09/05
3523;6;231;28/09/05
3524;12;310;28/09/05
3525;4;112;28/09/05
3526;16;136;29/09/05
3527;17;108;29/09/05
3528;17;236;29/09/05
3529;17;300;30/09/05
3530;3;103;30/09/05
3531;1;181;30/09/05
3532;18;108;30/09/05
3533;9;268;30/09/05
3534;9;103;5/10/05
3535;11;214;7/10/05
3536;7;134;7/10/05
3537;19;190;7/10/05
3538;8;115;8/10/05
3539;18;124;8/10/05
3540;10;298;8/10/05
3541;18;247;9/10/05
3542;15;246;12/10/05
3543;17;223;12/10/05
3544;17;291;13/10/05
3545;3;195;13/10/05
3546;10;148;13/10/05
3547;14;178;15/10/05
3548;9;247;15/10/05
3549;8;232;15/10/05
3550;4;273;15/10/05
3551;5;236;16/10/05
3552;12;265;17/10/05
3553;20;318;18/10/05
3554;20;206;18/10/05
3555;4;188;18/10/05
3556;9;213;18/10/05
3557;4;173;19/10/05
3558;16;203;19/10/05
3559;7;297;20/10/05
3560;19;100;20/10/05
3561;7;155;20/10/05
3562;9;199;20/10/05
3563;15;254;20/10/05
3564;11;198;22/10/05
3565;15;256;22/10/05
3566;11;232;22/10/05
3567;8;185;22/10/05
3568;19;289;23/10/05
3569;6;153;23/10/05
3570;13;158;23/10/05
3571;13;259;23/10/05
3572;10;239;23/10/05
3573;2;190;23/10/05
3574;14;113;27/10/05
3575;11;266;28/10/05
3576;2;269;29/10/05
3577;9;233;29/10/05
3578;14;139;1/11/05
3579;15;279;1/11/05
3580;15;279;2/11/05
3581;12;126;2/11/05
3582;11;239;4/11/05
3583;7;249;4/11/05
3584;3;247;4/11/05
3585;13;219;4/11/05
3586;3;182;5/11/05
3587;16;205;6/11/05
3588;20;297;6/11/05
3589;8;258;7/11/05
3590;12;124;7/11/05
3591;8;244;9/11/05
3592;14;232;9/11/05
3593;4;265;9/11/05
3594;2;257;9/11/05
3595;9;169;10/11/05
3596;15;217;11/11/05
3597;12;273;12/11/05
3598;10;195;12/11/05
3599;3;312;13/11/05
3600;2;276;13/11/05
3601;20;268;13/11/05
3602;12;141;13/11/05
3603;18;155;17/11/05
3604;11;252;19/11/05
3605;19;208;19/11/05
3606;15;244;19/11/05
3607;7;126;19/11/05
3608;16;291;19/11/05
3609;16;130;20/11/05
3610;13;140;20/11/05
3611;7;319;21/11/05
3612;11;294;22/11/05
3613;7;274;22/11/05
3614;1;104;22/11/05
3615;9;204;23/11/05
3616;14;294;23/11/05
3617;10;120;23/11/05
3618;13;297;23/11/05
3619;15;177;23/11/05
3620;20;230;24/11/05
3621;15;162;24/11/05
3622;20;162;27/11/05
3623;12;239;27/11/05
3624;2;191;28/11/05
3625;11;294;28/11/05
3626;17;273;29/11/05
3627;8;309;29/11/05
3628;12;193;29/11/05
3629;5;192;29/11/05
3630;8;177;29/11/05
3631;2;271;29/11/05
3632;3;228;29/11/05
3633;15;223;29/11/05
3634;20;211;29/11/05
3635;10;119;29/11/05
3636;4;275;1/12/05
3637;6;232;1/12/05
3638;8;212;3/12/05
3639;8;142;3/12/05
3640;14;145;3/12/05
3641;7;300;4/12/05
3642;2;161;4/12/05
3643;12;165;6/12/05
3644;19;288;6/12/05
3645;5;116;9/12/05
3646;13;257;9/12/05
3647;2;109;9/12/05
3648;4;263;9/12/05
3649;15;208;10/12/05
3650;18;318;10/12/05
3651;3;287;12/12/05
3652;18;198;12/12/05
3653;14;153;14/12/05
3654;2;311;14/12/05
3655;4;227;14/12/05
3656;19;242;14/12/05
3657;1;151;14/12/05
3658;17;138;14/12/05
3659;15;299;15/12/05
3660;7;195;15/12/05
3661;6;162;15/12/05
3662;9;209;16/12/05
3663;18;130;16/12/05
3664;18;274;16/12/05
3665;5;262;17/12/05
3666;3;276;17/12/05
3667;3;308;17/12/05
3668;14;176;17/12/05
3669;6;159;17/12/05
3670;17;257;17/12/05
3671;7;248;18/12/05
3672;4;195;19/12/05
3673;9;313;19/12/05
3674;2;218;19/12/05
3675;18;176;19/12/05
3676;19;312;19/12/05
3677;20;180;19/12/05
3678;3;244;19/12/05
3679;7;243;19/12/05
3680;20;217;21/12/05
3681;18;235;21/12/05
3682;16;233;23/12/05
3683;5;100;23/12/05
3684;12;171;23/12/05
3685;2;251;25/12/05
3686;7;184;25/12/05
3687;13;260;25/12/05
3688;17;118;27/12/05
3689;3;302;27/12/05
3690;6;147;27/12/05
3691;11;128;27/12/05
3692;11;319;29/12/05
3693;15;304;29/12/05
3694;10;267;31/12/05
3695;9;192;31/12/05
