OrderID;EmployeeID;CustomerID;Date
639;16;153;1/01/01
640;4;234;1/01/01
641;5;286;1/01/01
642;15;218;2/01/01
643;4;240;2/01/01
644;5;130;3/01/01
645;5;164;3/01/01
646;9;285;3/01/01
647;3;285;3/01/01
648;9;307;3/01/01
649;12;201;3/01/01
650;16;252;4/01/01
651;2;249;4/01/01
652;8;112;4/01/01
653;19;184;4/01/01
654;4;118;5/01/01
655;2;255;5/01/01
656;8;272;6/01/01
657;1;141;8/01/01
658;20;229;8/01/01
659;14;250;9/01/01
660;13;257;9/01/01
661;11;252;9/01/01
662;8;282;9/01/01
663;7;218;10/01/01
664;14;300;10/01/01
665;10;196;13/01/01
666;9;170;13/01/01
667;16;307;13/01/01
668;11;305;14/01/01
669;16;318;14/01/01
670;7;181;15/01/01
671;3;170;15/01/01
672;15;174;15/01/01
673;8;240;15/01/01
674;7;313;15/01/01
675;17;300;15/01/01
676;9;195;17/01/01
677;13;195;17/01/01
678;8;206;17/01/01
679;15;212;17/01/01
680;1;298;18/01/01
681;3;290;18/01/01
682;4;117;19/01/01
683;20;178;19/01/01
684;14;200;20/01/01
685;1;247;20/01/01
686;10;193;23/01/01
687;5;120;23/01/01
688;1;197;23/01/01
689;6;270;23/01/01
690;13;282;23/01/01
691;10;210;24/01/01
692;20;197;24/01/01
693;18;214;24/01/01
694;13;240;24/01/01
695;1;261;24/01/01
696;14;276;24/01/01
697;4;237;25/01/01
698;18;149;25/01/01
699;15;175;28/01/01
700;8;313;28/01/01
701;10;284;28/01/01
702;11;115;29/01/01
703;5;175;29/01/01
704;6;199;30/01/01
705;14;305;30/01/01
706;8;114;31/01/01
707;5;294;31/01/01
708;8;310;1/02/01
709;6;200;1/02/01
710;11;310;3/02/01
711;10;258;3/02/01
712;16;278;3/02/01
713;2;170;3/02/01
714;6;202;5/02/01
715;1;233;5/02/01
716;19;183;5/02/01
717;13;284;6/02/01
718;12;224;6/02/01
719;10;296;8/02/01
720;2;156;8/02/01
721;15;139;11/02/01
722;14;319;11/02/01
723;2;213;11/02/01
724;16;272;11/02/01
725;8;178;13/02/01
726;3;290;13/02/01
727;6;105;13/02/01
728;4;316;13/02/01
729;10;143;14/02/01
730;20;196;14/02/01
731;13;145;15/02/01
732;1;251;16/02/01
733;10;223;16/02/01
734;20;299;20/02/01
735;15;222;20/02/01
736;9;203;20/02/01
737;14;223;20/02/01
738;5;236;21/02/01
739;1;246;21/02/01
740;19;106;21/02/01
741;12;169;21/02/01
742;8;147;23/02/01
743;13;186;23/02/01
744;20;190;23/02/01
745;2;228;23/02/01
746;10;307;23/02/01
747;6;307;26/02/01
748;8;313;26/02/01
749;12;239;26/02/01
750;12;141;1/03/01
751;1;175;1/03/01
752;19;203;1/03/01
753;11;208;1/03/01
754;19;136;2/03/01
755;10;243;2/03/01
756;13;221;2/03/01
757;7;291;2/03/01
758;13;284;2/03/01
759;14;302;2/03/01
760;3;308;3/03/01
761;8;313;3/03/01
762;17;194;4/03/01
763;12;212;4/03/01
764;13;275;5/03/01
765;18;210;6/03/01
766;8;204;6/03/01
767;5;281;10/03/01
768;5;269;10/03/01
769;4;103;10/03/01
770;4;214;14/03/01
771;9;212;14/03/01
772;13;226;14/03/01
773;20;210;14/03/01
774;5;132;17/03/01
775;14;197;18/03/01
776;8;190;18/03/01
777;15;173;18/03/01
778;1;313;18/03/01
779;15;288;20/03/01
780;14;204;21/03/01
781;19;104;21/03/01
782;13;205;21/03/01
783;7;112;21/03/01
784;14;287;22/03/01
785;13;156;22/03/01
786;13;306;26/03/01
787;8;217;26/03/01
788;3;174;27/03/01
789;4;116;30/03/01
790;4;124;30/03/01
791;17;162;31/03/01
792;14;254;31/03/01
793;7;211;31/03/01
794;1;292;31/03/01
795;10;245;31/03/01
796;4;264;31/03/01
797;7;168;2/04/01
798;3;293;3/04/01
799;1;119;4/04/01
800;15;165;4/04/01
801;13;215;4/04/01
802;9;254;4/04/01
803;1;152;4/04/01
804;5;260;4/04/01
805;20;118;4/04/01
806;13;203;4/04/01
807;13;319;4/04/01
808;10;288;4/04/01
809;9;218;5/04/01
810;20;121;6/04/01
811;11;271;6/04/01
812;6;217;6/04/01
813;19;115;6/04/01
814;2;289;6/04/01
815;13;290;8/04/01
816;13;264;8/04/01
817;13;122;8/04/01
818;5;146;8/04/01
819;7;128;8/04/01
820;8;236;8/04/01
821;14;266;8/04/01
822;3;119;8/04/01
823;11;261;8/04/01
824;10;263;8/04/01
825;5;306;9/04/01
826;1;307;9/04/01
827;15;247;9/04/01
828;6;258;10/04/01
829;19;280;10/04/01
830;12;285;14/04/01
831;4;204;14/04/01
832;3;268;14/04/01
833;17;148;14/04/01
834;1;114;19/04/01
835;5;227;19/04/01
836;11;190;20/04/01
837;10;237;20/04/01
838;11;269;22/04/01
839;8;197;22/04/01
840;9;161;22/04/01
841;13;216;22/04/01
842;16;119;23/04/01
843;14;121;23/04/01
844;18;291;23/04/01
845;14;238;24/04/01
846;12;123;24/04/01
847;1;265;24/04/01
848;15;218;25/04/01
849;12;184;25/04/01
850;20;197;26/04/01
851;11;249;26/04/01
852;11;146;27/04/01
853;11;256;4/05/01
854;16;292;4/05/01
855;20;177;4/05/01
856;12;122;4/05/01
857;16;282;4/05/01
858;7;210;4/05/01
859;18;292;5/05/01
860;1;184;5/05/01
861;2;227;11/05/01
862;4;110;11/05/01
863;16;133;13/05/01
864;13;128;15/05/01
865;19;183;15/05/01
866;13;238;16/05/01
867;9;191;16/05/01
868;11;167;18/05/01
869;11;311;18/05/01
870;20;128;18/05/01
871;11;226;18/05/01
872;9;150;19/05/01
873;13;138;19/05/01
874;13;280;21/05/01
875;15;182;21/05/01
876;18;237;22/05/01
877;9;258;23/05/01
878;19;250;23/05/01
879;20;242;23/05/01
880;20;176;23/05/01
881;14;135;24/05/01
882;11;263;24/05/01
883;4;139;27/05/01
884;5;288;27/05/01
885;12;194;27/05/01
886;7;224;30/05/01
887;10;286;30/05/01
888;12;239;1/06/01
889;7;209;1/06/01
890;11;311;5/06/01
891;12;108;5/06/01
892;19;136;6/06/01
893;20;202;6/06/01
894;18;113;6/06/01
895;18;236;6/06/01
896;13;318;7/06/01
897;8;307;7/06/01
898;1;168;7/06/01
899;6;210;7/06/01
900;8;156;7/06/01
901;5;166;7/06/01
902;2;184;8/06/01
903;4;151;8/06/01
904;19;246;8/06/01
905;20;126;9/06/01
906;12;274;9/06/01
907;3;257;10/06/01
908;20;160;10/06/01
909;20;100;10/06/01
910;16;202;10/06/01
911;2;296;11/06/01
912;9;107;12/06/01
913;14;159;12/06/01
914;14;139;14/06/01
915;12;187;15/06/01
916;9;152;15/06/01
917;9;223;15/06/01
918;19;106;15/06/01
919;7;181;15/06/01
920;17;213;15/06/01
921;10;131;16/06/01
922;5;198;16/06/01
923;9;282;16/06/01
924;19;247;16/06/01
925;13;287;18/06/01
926;14;211;18/06/01
927;15;288;20/06/01
928;15;136;20/06/01
929;17;307;21/06/01
930;9;312;21/06/01
931;3;231;24/06/01
932;6;113;24/06/01
933;8;231;24/06/01
934;2;207;24/06/01
935;2;180;25/06/01
936;6;179;25/06/01
937;17;244;26/06/01
938;2;289;26/06/01
939;1;295;27/06/01
940;10;200;27/06/01
941;18;177;27/06/01
942;8;149;27/06/01
943;15;123;27/06/01
944;1;209;28/06/01
945;7;310;30/06/01
946;13;121;3/07/01
947;5;296;3/07/01
948;8;296;3/07/01
949;3;298;7/07/01
950;9;238;7/07/01
951;6;104;8/07/01
952;14;155;8/07/01
953;13;169;8/07/01
954;6;264;9/07/01
955;6;145;9/07/01
956;11;247;9/07/01
957;8;275;9/07/01
958;17;225;9/07/01
959;14;193;9/07/01
960;8;283;12/07/01
961;4;249;13/07/01
962;10;141;14/07/01
963;18;102;14/07/01
964;6;205;14/07/01
965;18;213;16/07/01
966;17;141;16/07/01
967;9;124;16/07/01
968;11;216;16/07/01
969;2;217;17/07/01
970;4;229;17/07/01
971;8;297;19/07/01
972;10;212;19/07/01
973;20;223;21/07/01
974;2;219;23/07/01
975;19;154;24/07/01
976;9;284;24/07/01
977;19;156;25/07/01
978;1;213;25/07/01
979;18;238;26/07/01
980;20;177;26/07/01
981;9;269;26/07/01
982;17;231;26/07/01
983;8;230;26/07/01
984;4;189;26/07/01
985;6;129;26/07/01
986;3;221;27/07/01
987;9;172;29/07/01
988;4;129;29/07/01
989;15;229;30/07/01
990;5;234;30/07/01
991;19;234;30/07/01
992;11;292;30/07/01
993;6;212;30/07/01
994;12;194;4/08/01
995;5;258;4/08/01
996;11;179;5/08/01
997;10;119;7/08/01
998;4;246;7/08/01
999;2;205;7/08/01
1000;17;270;8/08/01
1001;11;314;8/08/01
1002;6;314;11/08/01
1003;2;215;14/08/01
1004;2;151;14/08/01
1005;5;278;16/08/01
1006;19;122;16/08/01
1007;15;257;16/08/01
1008;18;117;16/08/01
1009;15;276;16/08/01
1010;17;151;16/08/01
1011;15;251;16/08/01
1012;6;196;16/08/01
1013;16;135;16/08/01
1014;13;161;17/08/01
1015;10;103;17/08/01
1016;14;206;18/08/01
1017;4;270;18/08/01
1018;9;198;19/08/01
1019;10;212;19/08/01
1020;3;225;21/08/01
1021;9;106;21/08/01
1022;8;229;21/08/01
1023;16;258;22/08/01
1024;1;120;22/08/01
1025;16;219;25/08/01
1026;4;317;25/08/01
1027;8;273;26/08/01
1028;15;257;26/08/01
1029;18;268;26/08/01
1030;20;131;26/08/01
1031;14;257;27/08/01
1032;12;252;27/08/01
1033;18;177;27/08/01
1034;8;225;28/08/01
1035;12;247;28/08/01
1036;9;231;28/08/01
1037;1;168;28/08/01
1038;6;285;30/08/01
1039;7;198;30/08/01
1040;13;302;31/08/01
1041;4;195;1/09/01
1042;1;179;1/09/01
1043;14;132;3/09/01
1044;3;276;3/09/01
1045;15;208;4/09/01
1046;13;159;4/09/01
1047;17;225;4/09/01
1048;1;287;4/09/01
1049;10;196;4/09/01
1050;9;107;5/09/01
1051;11;255;5/09/01
1052;5;129;6/09/01
1053;20;282;6/09/01
1054;1;290;7/09/01
1055;12;223;9/09/01
1056;15;260;9/09/01
1057;10;195;9/09/01
1058;14;155;11/09/01
1059;5;105;11/09/01
1060;6;186;15/09/01
1061;1;184;15/09/01
1062;18;301;19/09/01
1063;1;234;20/09/01
1064;1;132;22/09/01
1065;7;297;24/09/01
1066;5;292;24/09/01
1067;13;235;24/09/01
1068;19;202;27/09/01
1069;8;120;28/09/01
1070;8;220;30/09/01
1071;18;295;30/09/01
1072;7;169;1/10/01
1073;18;175;3/10/01
1074;9;298;6/10/01
1075;14;121;6/10/01
1076;9;243;6/10/01
1077;11;163;6/10/01
1078;12;101;7/10/01
1079;18;190;7/10/01
1080;19;232;7/10/01
1081;14;312;8/10/01
1082;15;293;8/10/01
1083;18;269;10/10/01
1084;1;217;10/10/01
1085;14;144;10/10/01
1086;8;319;14/10/01
1087;16;236;14/10/01
1088;2;126;14/10/01
1089;12;211;14/10/01
1090;1;233;14/10/01
1091;10;211;15/10/01
1092;2;109;15/10/01
1093;6;257;15/10/01
1094;4;213;17/10/01
1095;2;310;17/10/01
1096;9;102;17/10/01
1097;8;106;17/10/01
1098;19;213;18/10/01
1099;7;221;18/10/01
1100;6;150;18/10/01
1101;15;100;19/10/01
1102;6;181;19/10/01
1103;4;169;20/10/01
1104;8;234;20/10/01
1105;20;217;20/10/01
1106;2;194;20/10/01
1107;16;123;22/10/01
1108;16;118;22/10/01
1109;3;158;23/10/01
1110;20;188;23/10/01
1111;5;182;25/10/01
1112;10;141;26/10/01
1113;2;204;26/10/01
1114;12;144;26/10/01
1115;6;276;27/10/01
1116;11;164;27/10/01
1117;15;287;28/10/01
1118;9;167;28/10/01
1119;9;131;29/10/01
1120;7;109;29/10/01
1121;16;249;29/10/01
1122;3;307;29/10/01
1123;4;207;29/10/01
1124;20;214;29/10/01
1125;11;176;29/10/01
1126;11;112;29/10/01
1127;6;291;31/10/01
1128;6;232;31/10/01
1129;13;190;31/10/01
1130;13;203;31/10/01
1131;10;304;31/10/01
1132;11;157;1/11/01
1133;20;237;1/11/01
1134;8;272;2/11/01
1135;17;284;2/11/01
1136;9;219;4/11/01
1137;5;143;4/11/01
1138;10;249;5/11/01
1139;2;256;5/11/01
1140;2;243;6/11/01
1141;18;260;6/11/01
1142;15;286;6/11/01
1143;18;114;6/11/01
1144;17;214;6/11/01
1145;13;225;6/11/01
1146;19;243;9/11/01
1147;9;208;9/11/01
1148;16;261;9/11/01
1149;1;224;9/11/01
1150;1;310;10/11/01
1151;2;267;10/11/01
1152;1;162;11/11/01
1153;8;295;11/11/01
1154;17;214;12/11/01
1155;9;197;12/11/01
1156;8;228;12/11/01
1157;2;126;13/11/01
1158;12;298;14/11/01
1159;2;274;17/11/01
1160;1;171;18/11/01
1161;11;263;18/11/01
1162;9;200;19/11/01
1163;20;149;25/11/01
1164;17;131;25/11/01
1165;6;187;26/11/01
1166;15;255;27/11/01
1167;18;127;29/11/01
1168;17;120;29/11/01
1169;13;219;30/11/01
1170;16;283;30/11/01
1171;19;224;1/12/01
1172;17;145;4/12/01
1173;7;120;4/12/01
1174;9;224;6/12/01
1175;4;290;6/12/01
1176;3;150;6/12/01
1177;13;277;6/12/01
1178;7;175;8/12/01
1179;5;201;8/12/01
1180;15;217;9/12/01
1181;6;101;9/12/01
1182;8;155;9/12/01
1183;5;316;9/12/01
1184;20;159;9/12/01
1185;10;309;11/12/01
1186;15;168;11/12/01
1187;11;275;12/12/01
1188;20;130;14/12/01
1189;13;313;14/12/01
1190;5;233;14/12/01
1191;18;194;14/12/01
1192;14;171;14/12/01
1193;13;202;14/12/01
1194;15;315;15/12/01
1195;15;180;18/12/01
1196;19;239;18/12/01
1197;20;214;19/12/01
1198;19;237;19/12/01
1199;2;109;19/12/01
1200;11;144;19/12/01
1201;17;241;21/12/01
1202;16;126;22/12/01
1203;10;260;22/12/01
1204;16;165;24/12/01
1205;2;119;24/12/01
1206;15;230;24/12/01
1207;18;116;24/12/01
1208;9;101;25/12/01
1209;12;125;26/12/01
1210;18;250;26/12/01
1211;17;137;26/12/01
1212;13;216;30/12/01
1213;4;283;31/12/01
