OrderID;EmployeeID;CustomerID;Date
1821;17;240;1/01/03
1822;16;234;1/01/03
1823;12;112;2/01/03
1824;1;128;2/01/03
1825;17;154;2/01/03
1826;9;230;4/01/03
1827;20;252;4/01/03
1828;17;151;5/01/03
1829;16;197;5/01/03
1830;18;289;5/01/03
1831;13;312;5/01/03
1832;4;191;7/01/03
1833;10;132;7/01/03
1834;11;288;7/01/03
1835;11;112;10/01/03
1836;13;226;10/01/03
1837;3;304;11/01/03
1838;19;120;11/01/03
1839;2;178;14/01/03
1840;5;177;15/01/03
1841;9;165;15/01/03
1842;2;116;16/01/03
1843;18;122;16/01/03
1844;19;107;16/01/03
1845;19;192;16/01/03
1846;17;318;17/01/03
1847;6;216;17/01/03
1848;5;214;21/01/03
1849;9;217;21/01/03
1850;13;307;22/01/03
1851;6;303;24/01/03
1852;5;165;24/01/03
1853;7;203;24/01/03
1854;13;221;25/01/03
1855;11;100;26/01/03
1856;17;182;26/01/03
1857;15;118;27/01/03
1858;13;226;27/01/03
1859;7;272;27/01/03
1860;12;160;28/01/03
1861;17;180;29/01/03
1862;1;318;29/01/03
1863;18;209;1/02/03
1864;19;257;1/02/03
1865;20;135;2/02/03
1866;6;264;2/02/03
1867;7;210;2/02/03
1868;19;104;2/02/03
1869;8;310;2/02/03
1870;16;287;2/02/03
1871;16;116;2/02/03
1872;11;190;2/02/03
1873;14;153;3/02/03
1874;8;104;3/02/03
1875;7;117;7/02/03
1876;15;169;7/02/03
1877;15;100;8/02/03
1878;10;166;8/02/03
1879;8;304;9/02/03
1880;18;311;9/02/03
1881;18;261;14/02/03
1882;5;187;14/02/03
1883;6;309;16/02/03
1884;16;271;16/02/03
1885;14;135;16/02/03
1886;11;286;17/02/03
1887;5;201;17/02/03
1888;15;205;17/02/03
1889;20;226;17/02/03
1890;10;285;17/02/03
1891;14;155;17/02/03
1892;14;252;19/02/03
1893;1;262;19/02/03
1894;20;191;20/02/03
1895;5;184;20/02/03
1896;6;304;21/02/03
1897;20;278;21/02/03
1898;18;121;21/02/03
1899;12;173;21/02/03
1900;1;266;22/02/03
1901;11;192;22/02/03
1902;15;256;22/02/03
1903;2;258;23/02/03
1904;4;304;23/02/03
1905;6;158;23/02/03
1906;8;113;24/02/03
1907;5;151;25/02/03
1908;19;186;25/02/03
1909;16;106;25/02/03
1910;12;190;25/02/03
1911;2;179;25/02/03
1912;15;110;25/02/03
1913;18;155;26/02/03
1914;16;278;28/02/03
1915;2;181;3/03/03
1916;13;191;3/03/03
1917;13;159;3/03/03
1918;20;135;5/03/03
1919;14;225;6/03/03
1920;15;311;7/03/03
1921;4;224;7/03/03
1922;11;208;7/03/03
1923;6;242;7/03/03
1924;6;237;8/03/03
1925;9;101;8/03/03
1926;7;211;11/03/03
1927;6;253;11/03/03
1928;9;287;16/03/03
1929;4;259;16/03/03
1930;15;102;16/03/03
1931;19;285;16/03/03
1932;15;286;16/03/03
1933;16;195;16/03/03
1934;18;130;17/03/03
1935;18;257;17/03/03
1936;12;229;18/03/03
1937;5;293;18/03/03
1938;6;233;18/03/03
1939;17;161;19/03/03
1940;3;163;20/03/03
1941;19;101;20/03/03
1942;2;184;22/03/03
1943;17;147;23/03/03
1944;2;171;23/03/03
1945;2;108;23/03/03
1946;5;197;23/03/03
1947;9;250;23/03/03
1948;12;203;23/03/03
1949;8;223;24/03/03
1950;18;304;24/03/03
1951;4;278;25/03/03
1952;16;198;25/03/03
1953;8;177;26/03/03
1954;20;129;26/03/03
1955;16;175;26/03/03
1956;14;177;26/03/03
1957;3;289;28/03/03
1958;6;312;29/03/03
1959;7;195;29/03/03
1960;16;308;31/03/03
1961;11;256;31/03/03
1962;15;108;31/03/03
1963;2;191;31/03/03
1964;20;273;1/04/03
1965;15;148;1/04/03
1966;7;295;1/04/03
1967;18;161;1/04/03
1968;5;293;1/04/03
1969;3;253;1/04/03
1970;3;292;2/04/03
1971;10;146;3/04/03
1972;11;255;3/04/03
1973;7;182;5/04/03
1974;13;159;5/04/03
1975;10;266;6/04/03
1976;12;266;6/04/03
1977;17;261;6/04/03
1978;17;207;6/04/03
1979;11;203;6/04/03
1980;15;302;9/04/03
1981;8;176;9/04/03
1982;8;283;9/04/03
1983;12;267;9/04/03
1984;9;136;10/04/03
1985;15;221;10/04/03
1986;14;233;10/04/03
1987;13;186;10/04/03
1988;7;210;10/04/03
1989;11;157;12/04/03
1990;9;311;12/04/03
1991;12;186;12/04/03
1992;2;129;12/04/03
1993;15;224;12/04/03
1994;18;304;12/04/03
1995;3;118;13/04/03
1996;9;237;13/04/03
1997;6;163;14/04/03
1998;7;145;14/04/03
1999;15;122;14/04/03
2000;15;183;14/04/03
2001;8;312;14/04/03
2002;15;263;16/04/03
2003;5;101;16/04/03
2004;13;217;17/04/03
2005;10;289;17/04/03
2006;1;151;17/04/03
2007;4;272;17/04/03
2008;12;190;18/04/03
2009;13;122;18/04/03
2010;13;186;19/04/03
2011;12;137;19/04/03
2012;15;149;20/04/03
2013;6;148;20/04/03
2014;15;124;21/04/03
2015;6;208;21/04/03
2016;20;221;24/04/03
2017;18;193;24/04/03
2018;12;289;24/04/03
2019;5;261;26/04/03
2020;10;311;26/04/03
2021;5;116;27/04/03
2022;17;222;27/04/03
2023;11;101;28/04/03
2024;1;185;28/04/03
2025;6;199;28/04/03
2026;2;319;28/04/03
2027;3;238;30/04/03
2028;19;241;30/04/03
2029;15;231;1/05/03
2030;13;108;1/05/03
2031;7;147;3/05/03
2032;12;225;3/05/03
2033;18;136;3/05/03
2034;18;265;3/05/03
2035;12;223;6/05/03
2036;14;143;7/05/03
2037;9;239;7/05/03
2038;14;131;7/05/03
2039;7;131;7/05/03
2040;20;191;8/05/03
2041;19;172;8/05/03
2042;6;289;8/05/03
2043;3;110;8/05/03
2044;20;134;10/05/03
2045;12;276;10/05/03
2046;6;310;10/05/03
2047;2;211;10/05/03
2048;3;100;11/05/03
2049;2;100;11/05/03
2050;11;268;12/05/03
2051;5;302;12/05/03
2052;10;204;12/05/03
2053;2;310;13/05/03
2054;15;172;14/05/03
2055;12;237;14/05/03
2056;6;149;15/05/03
2057;9;318;15/05/03
2058;12;236;15/05/03
2059;3;318;15/05/03
2060;5;144;15/05/03
2061;20;131;16/05/03
2062;15;318;16/05/03
2063;19;305;17/05/03
2064;7;291;17/05/03
2065;15;212;19/05/03
2066;15;285;20/05/03
2067;1;162;20/05/03
2068;3;293;21/05/03
2069;18;130;23/05/03
2070;10;192;23/05/03
2071;19;124;23/05/03
2072;8;114;28/05/03
2073;19;122;28/05/03
2074;1;167;28/05/03
2075;6;104;28/05/03
2076;15;126;29/05/03
2077;8;152;29/05/03
2078;7;216;1/06/03
2079;20;312;1/06/03
2080;18;257;2/06/03
2081;20;278;2/06/03
2082;12;269;2/06/03
2083;12;217;2/06/03
2084;8;274;2/06/03
2085;1;311;4/06/03
2086;15;256;4/06/03
2087;13;276;4/06/03
2088;14;184;8/06/03
2089;10;257;9/06/03
2090;2;234;9/06/03
2091;11;307;11/06/03
2092;13;185;11/06/03
2093;11;150;11/06/03
2094;7;248;12/06/03
2095;18;121;12/06/03
2096;5;124;12/06/03
2097;10;275;13/06/03
2098;6;234;13/06/03
2099;3;273;15/06/03
2100;16;202;16/06/03
2101;3;184;16/06/03
2102;3;291;16/06/03
2103;12;267;16/06/03
2104;20;180;16/06/03
2105;6;238;19/06/03
2106;17;231;20/06/03
2107;5;313;20/06/03
2108;17;234;20/06/03
2109;10;315;21/06/03
2110;3;271;21/06/03
2111;1;232;22/06/03
2112;3;216;22/06/03
2113;4;167;23/06/03
2114;8;293;23/06/03
2115;10;174;24/06/03
2116;12;126;25/06/03
2117;18;240;25/06/03
2118;5;161;25/06/03
2119;1;269;25/06/03
2120;17;290;26/06/03
2121;7;259;26/06/03
2122;1;151;27/06/03
2123;14;165;27/06/03
2124;20;229;28/06/03
2125;14;139;28/06/03
2126;20;258;2/07/03
2127;17;155;2/07/03
2128;9;144;2/07/03
2129;10;277;2/07/03
2130;20;150;4/07/03
2131;13;144;4/07/03
2132;10;100;5/07/03
2133;11;249;5/07/03
2134;18;308;7/07/03
2135;1;288;7/07/03
2136;18;191;7/07/03
2137;2;259;8/07/03
2138;19;132;8/07/03
2139;11;194;8/07/03
2140;17;203;11/07/03
2141;3;141;11/07/03
2142;7;289;12/07/03
2143;2;219;12/07/03
2144;4;242;12/07/03
2145;17;248;12/07/03
2146;10;243;13/07/03
2147;1;125;14/07/03
2148;1;205;14/07/03
2149;4;104;15/07/03
2150;13;237;15/07/03
2151;4;178;16/07/03
2152;13;142;16/07/03
2153;13;223;16/07/03
2154;4;269;16/07/03
2155;4;198;20/07/03
2156;13;117;20/07/03
2157;2;206;22/07/03
2158;8;252;22/07/03
2159;5;123;22/07/03
2160;5;302;23/07/03
2161;20;319;23/07/03
2162;13;246;23/07/03
2163;18;247;23/07/03
2164;14;227;24/07/03
2165;8;209;24/07/03
2166;9;268;24/07/03
2167;20;252;24/07/03
2168;10;289;24/07/03
2169;16;257;25/07/03
2170;10;115;25/07/03
2171;2;256;25/07/03
2172;12;255;25/07/03
2173;2;239;27/07/03
2174;14;304;28/07/03
2175;3;119;28/07/03
2176;2;185;29/07/03
2177;11;303;29/07/03
2178;17;260;30/07/03
2179;8;127;30/07/03
2180;15;100;30/07/03
2181;14;111;30/07/03
2182;4;123;31/07/03
2183;3;160;31/07/03
2184;15;168;31/07/03
2185;6;167;31/07/03
2186;5;235;31/07/03
2187;3;139;2/08/03
2188;18;133;5/08/03
2189;13;213;5/08/03
2190;20;258;5/08/03
2191;2;286;5/08/03
2192;19;175;5/08/03
2193;11;318;5/08/03
2194;4;193;5/08/03
2195;15;119;5/08/03
2196;9;158;5/08/03
2197;13;115;6/08/03
2198;19;301;6/08/03
2199;17;222;7/08/03
2200;17;275;7/08/03
2201;2;128;7/08/03
2202;11;120;8/08/03
2203;10;296;9/08/03
2204;8;149;9/08/03
2205;13;216;9/08/03
2206;4;284;9/08/03
2207;15;295;9/08/03
2208;8;183;10/08/03
2209;14;224;10/08/03
2210;15;123;13/08/03
2211;3;162;13/08/03
2212;12;270;17/08/03
2213;11;168;17/08/03
2214;17;127;20/08/03
2215;15;278;20/08/03
2216;6;276;20/08/03
2217;15;295;20/08/03
2218;20;270;21/08/03
2219;11;190;21/08/03
2220;7;103;21/08/03
2221;20;293;21/08/03
2222;4;134;21/08/03
2223;13;142;22/08/03
2224;7;236;25/08/03
2225;18;201;29/08/03
2226;15;261;29/08/03
2227;5;238;30/08/03
2228;19;243;31/08/03
2229;12;221;2/09/03
2230;9;206;2/09/03
2231;17;101;2/09/03
2232;13;134;3/09/03
2233;2;274;4/09/03
2234;17;217;4/09/03
2235;15;304;4/09/03
2236;16;235;4/09/03
2237;3;232;5/09/03
2238;14;156;5/09/03
2239;4;252;5/09/03
2240;1;127;5/09/03
2241;19;140;6/09/03
2242;12;220;6/09/03
2243;19;144;7/09/03
2244;6;216;7/09/03
2245;20;310;7/09/03
2246;20;123;7/09/03
2247;7;308;7/09/03
2248;12;247;7/09/03
2249;19;159;8/09/03
2250;11;165;8/09/03
2251;11;306;8/09/03
2252;14;313;10/09/03
2253;12;177;11/09/03
2254;2;236;11/09/03
2255;3;116;11/09/03
2256;13;240;11/09/03
2257;6;135;12/09/03
2258;13;116;12/09/03
2259;5;193;12/09/03
2260;12;261;13/09/03
2261;17;130;15/09/03
2262;10;139;15/09/03
2263;16;304;15/09/03
2264;16;202;15/09/03
2265;17;211;15/09/03
2266;7;225;15/09/03
2267;12;160;16/09/03
2268;17;166;16/09/03
2269;2;237;16/09/03
2270;9;307;17/09/03
2271;17;262;17/09/03
2272;1;234;17/09/03
2273;13;154;18/09/03
2274;1;119;18/09/03
2275;2;224;19/09/03
2276;5;223;19/09/03
2277;14;165;20/09/03
2278;6;273;20/09/03
2279;9;275;22/09/03
2280;5;122;22/09/03
2281;9;110;23/09/03
2282;6;109;23/09/03
2283;13;148;24/09/03
2284;17;192;28/09/03
2285;15;212;28/09/03
2286;7;184;28/09/03
2287;16;194;28/09/03
2288;7;307;29/09/03
2289;15;164;29/09/03
2290;5;150;30/09/03
2291;8;132;30/09/03
2292;19;120;1/10/03
2293;16;112;1/10/03
2294;10;185;1/10/03
2295;19;109;1/10/03
2296;15;225;1/10/03
2297;20;202;3/10/03
2298;11;273;3/10/03
2299;7;275;3/10/03
2300;16;249;3/10/03
2301;14;146;3/10/03
2302;14;300;5/10/03
2303;3;302;5/10/03
2304;19;172;5/10/03
2305;18;257;5/10/03
2306;1;210;6/10/03
2307;17;122;6/10/03
2308;7;135;8/10/03
2309;5;315;10/10/03
2310;15;298;10/10/03
2311;18;153;10/10/03
2312;5;208;10/10/03
2313;4;273;10/10/03
2314;6;249;10/10/03
2315;14;193;10/10/03
2316;12;201;11/10/03
2317;2;176;11/10/03
2318;8;299;12/10/03
2319;3;143;12/10/03
2320;8;269;12/10/03
2321;12;187;13/10/03
2322;10;192;13/10/03
2323;15;145;13/10/03
2324;19;200;13/10/03
2325;7;248;13/10/03
2326;14;134;14/10/03
2327;12;283;16/10/03
2328;8;159;17/10/03
2329;9;194;18/10/03
2330;14;172;18/10/03
2331;5;148;19/10/03
2332;4;142;19/10/03
2333;5;223;23/10/03
2334;14;140;23/10/03
2335;14;111;24/10/03
2336;8;304;24/10/03
2337;4;100;26/10/03
2338;6;127;26/10/03
2339;4;153;26/10/03
2340;17;308;28/10/03
2341;9;227;29/10/03
2342;8;228;29/10/03
2343;16;234;29/10/03
2344;2;147;29/10/03
2345;15;165;29/10/03
2346;16;112;29/10/03
2347;20;235;29/10/03
2348;2;147;31/10/03
2349;3;146;31/10/03
2350;11;247;31/10/03
2351;1;253;2/11/03
2352;2;196;2/11/03
2353;10;160;3/11/03
2354;17;213;3/11/03
2355;7;152;3/11/03
2356;14;317;3/11/03
2357;9;306;5/11/03
2358;19;221;6/11/03
2359;9;151;6/11/03
2360;20;239;6/11/03
2361;7;253;6/11/03
2362;8;138;7/11/03
2363;6;159;7/11/03
2364;19;227;8/11/03
2365;13;272;8/11/03
2366;15;187;8/11/03
2367;2;305;8/11/03
2368;16;241;10/11/03
2369;18;214;10/11/03
2370;15;278;11/11/03
2371;16;298;11/11/03
2372;15;314;11/11/03
2373;9;196;12/11/03
2374;17;223;12/11/03
2375;6;246;12/11/03
2376;10;112;12/11/03
2377;19;288;13/11/03
2378;20;221;13/11/03
2379;7;137;13/11/03
2380;10;256;14/11/03
2381;14;170;14/11/03
2382;12;312;15/11/03
2383;13;125;15/11/03
2384;7;163;18/11/03
2385;2;263;18/11/03
2386;9;284;21/11/03
2387;8;185;21/11/03
2388;19;184;21/11/03
2389;2;250;22/11/03
2390;17;101;24/11/03
2391;4;149;24/11/03
2392;16;255;24/11/03
2393;6;119;24/11/03
2394;12;188;26/11/03
2395;20;119;26/11/03
2396;19;243;28/11/03
2397;2;300;28/11/03
2398;8;131;3/12/03
2399;11;270;3/12/03
2400;8;122;4/12/03
2401;6;205;4/12/03
2402;6;249;5/12/03
2403;14;176;7/12/03
2404;6;231;7/12/03
2405;3;184;10/12/03
2406;6;187;12/12/03
2407;20;214;12/12/03
2408;2;153;12/12/03
2409;20;305;12/12/03
2410;16;177;16/12/03
2411;18;169;16/12/03
2412;15;236;16/12/03
2413;17;254;16/12/03
2414;10;116;16/12/03
2415;7;110;17/12/03
2416;6;269;19/12/03
2417;2;193;19/12/03
2418;5;117;20/12/03
2419;5;218;20/12/03
2420;2;158;22/12/03
2421;2;112;22/12/03
2422;12;217;23/12/03
2423;10;129;23/12/03
2424;9;319;30/12/03
2425;18;280;30/12/03
