OrderID;EmployeeID;CustomerID;Date
4361;15;248;1/01/07
4362;14;203;1/01/07
4363;15;155;1/01/07
4364;15;109;2/01/07
4365;8;306;2/01/07
4366;11;285;2/01/07
4367;13;180;2/01/07
4368;15;209;2/01/07
4369;8;225;3/01/07
4370;14;142;3/01/07
4371;13;108;5/01/07
4372;18;212;6/01/07
4373;9;152;6/01/07
4374;19;189;7/01/07
4375;11;147;7/01/07
4376;16;179;7/01/07
4377;14;272;7/01/07
4378;20;160;7/01/07
4379;13;274;7/01/07
4380;4;126;8/01/07
4381;18;286;10/01/07
4382;15;162;11/01/07
4383;17;142;11/01/07
4384;7;119;12/01/07
4385;11;109;12/01/07
4386;9;169;12/01/07
4387;2;272;12/01/07
4388;19;131;12/01/07
4389;1;257;13/01/07
4390;8;109;13/01/07
4391;1;273;14/01/07
4392;2;254;14/01/07
4393;14;149;14/01/07
4394;5;292;15/01/07
4395;14;174;15/01/07
4396;17;298;16/01/07
4397;9;152;16/01/07
4398;18;192;16/01/07
4399;8;238;16/01/07
4400;3;105;16/01/07
4401;4;239;16/01/07
4402;13;286;17/01/07
4403;14;192;17/01/07
4404;7;132;17/01/07
4405;20;109;17/01/07
4406;1;158;17/01/07
4407;3;152;18/01/07
4408;10;254;18/01/07
4409;8;250;18/01/07
4410;1;241;19/01/07
4411;3;189;19/01/07
4412;14;220;19/01/07
4413;2;220;19/01/07
4414;1;124;23/01/07
4415;6;268;23/01/07
4416;8;231;23/01/07
4417;16;250;23/01/07
4418;7;241;23/01/07
4419;17;129;23/01/07
4420;17;167;23/01/07
4421;10;104;23/01/07
4422;13;173;24/01/07
4423;15;263;24/01/07
4424;20;316;24/01/07
4425;11;150;24/01/07
4426;19;155;25/01/07
4427;11;201;25/01/07
4428;20;310;27/01/07
4429;17;128;27/01/07
4430;15;206;27/01/07
4431;11;119;27/01/07
4432;13;122;2/02/07
4433;11;199;2/02/07
4434;18;207;3/02/07
4435;3;249;3/02/07
4436;10;114;4/02/07
4437;3;125;4/02/07
4438;11;131;5/02/07
4439;12;287;5/02/07
4440;19;257;6/02/07
4441;5;199;6/02/07
4442;2;117;10/02/07
4443;19;219;10/02/07
4444;11;123;10/02/07
4445;6;116;10/02/07
4446;14;281;12/02/07
4447;9;277;12/02/07
4448;18;296;15/02/07
4449;17;167;15/02/07
4450;15;171;16/02/07
4451;9;139;16/02/07
4452;13;223;16/02/07
4453;4;193;16/02/07
4454;12;247;20/02/07
4455;12;208;20/02/07
4456;12;236;20/02/07
4457;18;319;20/02/07
4458;1;163;21/02/07
4459;11;247;21/02/07
4460;3;107;21/02/07
4461;16;161;22/02/07
4462;2;188;25/02/07
4463;13;297;25/02/07
4464;3;270;25/02/07
4465;16;127;25/02/07
4466;14;180;25/02/07
4467;8;291;25/02/07
4468;9;251;27/02/07
4469;1;128;27/02/07
4470;8;305;28/02/07
4471;4;114;28/02/07
4472;5;144;1/03/07
4473;16;250;1/03/07
4474;5;208;1/03/07
4475;3;276;2/03/07
4476;3;265;2/03/07
4477;4;135;2/03/07
4478;3;207;2/03/07
4479;16;295;6/03/07
4480;7;156;6/03/07
4481;19;178;8/03/07
4482;4;312;10/03/07
4483;1;223;10/03/07
4484;19;112;10/03/07
4485;19;261;10/03/07
4486;11;256;10/03/07
4487;11;119;10/03/07
4488;11;134;12/03/07
4489;6;129;12/03/07
4490;16;304;13/03/07
4491;13;120;13/03/07
4492;9;123;14/03/07
4493;16;256;15/03/07
4494;11;264;16/03/07
4495;16;120;16/03/07
4496;13;263;17/03/07
4497;15;214;17/03/07
4498;15;202;18/03/07
4499;6;273;18/03/07
4500;13;108;18/03/07
4501;13;306;18/03/07
4502;13;102;18/03/07
4503;10;193;18/03/07
4504;19;177;18/03/07
4505;5;190;21/03/07
4506;14;238;21/03/07
4507;7;147;22/03/07
4508;4;216;25/03/07
4509;16;105;25/03/07
4510;14;214;27/03/07
4511;13;295;28/03/07
4512;12;116;28/03/07
4513;13;193;28/03/07
4514;5;141;28/03/07
4515;17;281;30/03/07
4516;1;241;31/03/07
4517;14;275;31/03/07
4518;16;253;2/04/07
4519;20;227;2/04/07
4520;14;110;3/04/07
4521;11;263;3/04/07
4522;1;119;3/04/07
4523;4;230;3/04/07
4524;2;153;3/04/07
4525;18;247;3/04/07
4526;2;142;3/04/07
4527;13;252;3/04/07
4528;20;118;3/04/07
4529;2;291;3/04/07
4530;20;211;3/04/07
4531;19;104;3/04/07
4532;15;224;4/04/07
4533;7;232;4/04/07
4534;9;178;5/04/07
4535;2;274;5/04/07
4536;19;265;7/04/07
4537;2;277;7/04/07
4538;16;237;7/04/07
4539;1;146;7/04/07
4540;17;248;10/04/07
4541;11;137;10/04/07
4542;19;191;11/04/07
4543;13;144;11/04/07
4544;3;141;13/04/07
4545;19;117;13/04/07
4546;12;219;13/04/07
4547;7;273;13/04/07
4548;18;180;13/04/07
4549;12;223;13/04/07
4550;1;103;14/04/07
4551;13;241;14/04/07
4552;14;178;14/04/07
4553;1;298;14/04/07
4554;17;209;15/04/07
4555;9;248;15/04/07
4556;1;127;16/04/07
4557;10;240;16/04/07
4558;5;275;16/04/07
4559;12;288;16/04/07
4560;5;130;17/04/07
4561;20;216;18/04/07
4562;1;259;18/04/07
4563;16;287;19/04/07
4564;6;124;19/04/07
4565;8;147;19/04/07
4566;6;263;20/04/07
4567;9;274;20/04/07
4568;17;270;20/04/07
4569;16;230;20/04/07
4570;15;319;20/04/07
4571;1;248;20/04/07
4572;17;273;23/04/07
4573;18;258;24/04/07
4574;18;298;24/04/07
4575;2;303;24/04/07
4576;13;184;24/04/07
4577;19;249;25/04/07
4578;19;103;25/04/07
4579;7;160;25/04/07
4580;12;185;25/04/07
4581;1;259;27/04/07
4582;16;187;27/04/07
4583;3;267;28/04/07
4584;7;140;28/04/07
4585;13;159;29/04/07
4586;5;222;29/04/07
4587;16;227;30/04/07
4588;2;126;30/04/07
4589;20;127;1/05/07
4590;20;222;1/05/07
4591;2;211;2/05/07
4592;20;127;2/05/07
4593;12;302;2/05/07
4594;7;100;2/05/07
4595;11;229;3/05/07
4596;7;197;3/05/07
4597;3;128;5/05/07
4598;3;227;5/05/07
4599;15;205;9/05/07
4600;13;170;9/05/07
4601;11;251;10/05/07
4602;9;230;11/05/07
4603;4;221;11/05/07
4604;14;196;11/05/07
4605;7;274;12/05/07
4606;11;168;12/05/07
4607;11;226;13/05/07
4608;17;118;13/05/07
4609;1;283;14/05/07
4610;19;274;15/05/07
4611;1;215;15/05/07
4612;16;204;18/05/07
4613;5;294;18/05/07
4614;3;127;19/05/07
4615;8;202;19/05/07
4616;4;295;19/05/07
4617;15;183;19/05/07
4618;9;314;20/05/07
4619;6;158;20/05/07
4620;20;199;22/05/07
4621;12;198;22/05/07
4622;17;230;23/05/07
4623;5;133;24/05/07
4624;9;290;24/05/07
4625;7;307;24/05/07
4626;13;180;24/05/07
4627;10;291;27/05/07
4628;12;290;27/05/07
4629;18;257;27/05/07
4630;16;284;28/05/07
4631;1;308;28/05/07
4632;1;312;28/05/07
4633;5;242;28/05/07
4634;18;183;28/05/07
4635;10;248;28/05/07
4636;4;186;30/05/07
4637;10;205;30/05/07
4638;2;134;31/05/07
4639;7;255;31/05/07
4640;8;230;31/05/07
4641;7;250;31/05/07
4642;6;183;1/06/07
4643;14;188;1/06/07
4644;4;295;2/06/07
4645;9;299;2/06/07
4646;13;309;2/06/07
4647;11;112;6/06/07
4648;12;270;6/06/07
4649;10;269;7/06/07
4650;10;282;7/06/07
4651;4;288;7/06/07
4652;13;316;7/06/07
4653;9;103;8/06/07
4654;13;241;8/06/07
4655;2;111;8/06/07
4656;19;132;8/06/07
4657;18;312;8/06/07
4658;18;173;8/06/07
4659;16;308;8/06/07
4660;10;124;9/06/07
4661;10;162;9/06/07
4662;16;271;11/06/07
4663;1;292;11/06/07
4664;16;176;13/06/07
4665;6;135;13/06/07
4666;5;110;13/06/07
4667;1;133;13/06/07
4668;3;213;13/06/07
4669;7;209;13/06/07
4670;11;113;19/06/07
4671;12;123;19/06/07
4672;6;307;19/06/07
4673;13;101;19/06/07
4674;8;202;22/06/07
4675;15;165;22/06/07
4676;18;227;23/06/07
4677;10;319;23/06/07
4678;1;196;25/06/07
4679;12;175;25/06/07
4680;15;295;26/06/07
4681;15;223;26/06/07
4682;11;198;28/06/07
4683;6;282;28/06/07
4684;10;142;29/06/07
4685;11;219;2/07/07
4686;12;237;2/07/07
4687;4;295;2/07/07
4688;13;237;2/07/07
4689;18;108;2/07/07
4690;16;308;2/07/07
4691;12;250;2/07/07
4692;11;243;2/07/07
4693;9;204;3/07/07
4694;5;252;3/07/07
4695;11;269;4/07/07
4696;15;304;4/07/07
4697;18;299;4/07/07
4698;11;179;4/07/07
4699;3;146;4/07/07
4700;15;282;4/07/07
4701;5;264;4/07/07
4702;18;171;7/07/07
4703;1;149;10/07/07
4704;2;269;10/07/07
4705;10;221;12/07/07
4706;14;140;12/07/07
4707;6;225;13/07/07
4708;2;224;13/07/07
4709;19;177;13/07/07
4710;1;242;15/07/07
4711;15;318;15/07/07
4712;5;234;16/07/07
4713;15;319;16/07/07
4714;13;218;17/07/07
4715;5;156;17/07/07
4716;14;251;19/07/07
4717;17;169;22/07/07
4718;10;242;22/07/07
4719;1;194;23/07/07
4720;6;241;23/07/07
4721;10;189;26/07/07
4722;9;124;26/07/07
4723;2;184;26/07/07
4724;13;226;29/07/07
4725;19;126;30/07/07
4726;12;181;30/07/07
4727;19;107;1/08/07
4728;20;140;2/08/07
4729;20;129;2/08/07
4730;18;159;6/08/07
4731;5;235;6/08/07
4732;18;278;6/08/07
4733;6;302;6/08/07
4734;1;230;6/08/07
4735;13;178;11/08/07
4736;16;255;11/08/07
4737;19;243;12/08/07
4738;7;159;13/08/07
4739;20;296;13/08/07
4740;13;161;16/08/07
4741;9;172;16/08/07
4742;4;194;16/08/07
4743;7;178;17/08/07
4744;7;280;18/08/07
4745;12;267;18/08/07
4746;16;204;19/08/07
4747;5;150;19/08/07
4748;7;135;21/08/07
4749;9;265;21/08/07
4750;8;209;21/08/07
4751;15;134;21/08/07
4752;17;123;22/08/07
4753;17;169;24/08/07
4754;14;139;24/08/07
4755;17;293;25/08/07
4756;8;160;25/08/07
4757;20;307;25/08/07
4758;16;221;26/08/07
4759;13;100;26/08/07
4760;3;298;28/08/07
4761;2;222;29/08/07
4762;10;292;29/08/07
4763;8;242;29/08/07
4764;18;204;30/08/07
4765;20;297;30/08/07
4766;19;244;30/08/07
4767;4;213;30/08/07
4768;7;301;30/08/07
4769;20;134;30/08/07
4770;4;230;30/08/07
4771;1;306;1/09/07
4772;7;217;1/09/07
4773;9;305;2/09/07
4774;11;232;2/09/07
4775;9;189;2/09/07
4776;17;127;2/09/07
4777;11;251;3/09/07
4778;4;209;3/09/07
4779;1;138;3/09/07
4780;8;317;3/09/07
4781;5;220;4/09/07
4782;5;204;4/09/07
4783;4;170;5/09/07
4784;20;109;5/09/07
4785;17;155;6/09/07
4786;6;278;6/09/07
4787;15;202;6/09/07
4788;16;158;6/09/07
4789;15;234;6/09/07
4790;11;178;8/09/07
4791;19;312;8/09/07
4792;13;290;8/09/07
4793;13;241;11/09/07
4794;4;280;11/09/07
4795;12;248;11/09/07
4796;12;286;11/09/07
4797;16;225;11/09/07
4798;13;151;11/09/07
4799;13;220;13/09/07
4800;7;258;13/09/07
4801;5;198;14/09/07
4802;8;143;14/09/07
4803;6;193;14/09/07
4804;3;192;15/09/07
4805;2;170;15/09/07
4806;8;166;17/09/07
4807;19;271;17/09/07
4808;1;258;17/09/07
4809;18;204;17/09/07
4810;13;165;18/09/07
4811;14;103;18/09/07
4812;18;310;18/09/07
4813;4;148;18/09/07
4814;9;180;19/09/07
4815;6;218;19/09/07
4816;7;245;19/09/07
4817;14;141;19/09/07
4818;10;158;19/09/07
4819;13;208;20/09/07
4820;5;137;20/09/07
4821;19;294;20/09/07
4822;20;178;23/09/07
4823;1;284;24/09/07
4824;5;213;24/09/07
4825;19;277;24/09/07
4826;5;195;26/09/07
4827;4;101;26/09/07
4828;8;156;27/09/07
4829;1;223;29/09/07
4830;16;249;29/09/07
4831;12;218;29/09/07
4832;15;253;29/09/07
4833;5;304;1/10/07
4834;5;194;1/10/07
4835;4;295;1/10/07
4836;20;166;2/10/07
4837;11;223;3/10/07
4838;10;235;4/10/07
4839;12;265;4/10/07
4840;4;109;4/10/07
4841;4;247;4/10/07
4842;15;104;4/10/07
4843;17;113;5/10/07
4844;9;159;5/10/07
4845;3;145;6/10/07
4846;8;137;6/10/07
4847;8;115;10/10/07
4848;18;168;10/10/07
4849;7;206;10/10/07
4850;5;307;10/10/07
4851;20;260;11/10/07
4852;3;257;11/10/07
4853;11;265;12/10/07
4854;18;162;12/10/07
4855;20;124;12/10/07
4856;18;148;12/10/07
4857;2;141;12/10/07
4858;7;206;13/10/07
4859;10;142;13/10/07
4860;2;113;13/10/07
4861;3;271;13/10/07
4862;6;274;14/10/07
4863;19;305;14/10/07
4864;1;149;16/10/07
4865;6;204;16/10/07
4866;18;222;17/10/07
4867;5;145;17/10/07
4868;16;167;17/10/07
4869;9;100;17/10/07
4870;10;230;17/10/07
4871;10;280;17/10/07
4872;20;123;17/10/07
4873;18;208;17/10/07
4874;8;247;18/10/07
4875;16;270;18/10/07
4876;6;251;18/10/07
4877;17;120;19/10/07
4878;18;259;21/10/07
4879;12;259;21/10/07
4880;12;227;23/10/07
4881;5;151;23/10/07
4882;16;275;24/10/07
4883;12;139;24/10/07
4884;14;264;25/10/07
4885;1;191;25/10/07
4886;7;289;27/10/07
4887;15;275;27/10/07
4888;20;135;28/10/07
4889;4;173;29/10/07
4890;7;146;31/10/07
4891;3;217;31/10/07
4892;13;103;31/10/07
4893;20;313;1/11/07
4894;2;179;1/11/07
4895;4;106;2/11/07
4896;15;316;2/11/07
4897;4;236;2/11/07
4898;3;218;2/11/07
4899;9;227;7/11/07
4900;4;314;7/11/07
4901;13;139;7/11/07
4902;3;221;7/11/07
4903;18;200;8/11/07
4904;4;248;8/11/07
4905;13;186;10/11/07
4906;16;227;10/11/07
4907;6;318;12/11/07
4908;15;122;12/11/07
4909;13;146;13/11/07
4910;17;290;14/11/07
4911;6;129;14/11/07
4912;4;125;14/11/07
4913;4;115;14/11/07
4914;7;171;15/11/07
4915;1;236;15/11/07
4916;16;245;16/11/07
4917;19;128;17/11/07
4918;19;134;17/11/07
4919;16;127;17/11/07
4920;8;198;21/11/07
4921;2;110;21/11/07
4922;20;117;22/11/07
4923;10;234;22/11/07
4924;11;155;23/11/07
4925;17;313;23/11/07
4926;11;173;24/11/07
4927;10;205;24/11/07
4928;5;218;25/11/07
4929;13;214;29/11/07
4930;8;217;29/11/07
4931;8;144;30/11/07
4932;7;179;30/11/07
4933;2;176;30/11/07
4934;18;188;4/12/07
4935;3;301;4/12/07
4936;1;106;5/12/07
4937;2;150;5/12/07
4938;11;306;5/12/07
4939;13;274;5/12/07
4940;9;204;6/12/07
4941;16;319;6/12/07
4942;20;200;8/12/07
4943;4;236;8/12/07
4944;18;149;8/12/07
4945;8;192;8/12/07
4946;14;182;9/12/07
4947;2;110;11/12/07
4948;14;191;11/12/07
4949;19;121;11/12/07
4950;20;124;12/12/07
4951;14;281;12/12/07
4952;14;118;12/12/07
4953;8;101;12/12/07
4954;18;293;13/12/07
4955;20;210;16/12/07
4956;4;176;16/12/07
4957;5;247;19/12/07
4958;7;115;19/12/07
4959;5;101;19/12/07
4960;12;230;19/12/07
4961;17;209;19/12/07
4962;18;241;19/12/07
4963;13;133;19/12/07
4964;18;295;20/12/07
4965;1;171;21/12/07
4966;19;123;21/12/07
4967;3;205;21/12/07
4968;11;231;22/12/07
4969;10;132;23/12/07
4970;13;119;23/12/07
4971;20;248;27/12/07
4972;11;275;27/12/07
4973;11;220;28/12/07
4974;12;313;28/12/07
4975;8;123;29/12/07
4976;17;288;29/12/07
4977;15;299;31/12/07
