OrderID;EmployeeID;CustomerID;Date
1214;3;113;4/01/02
1215;12;226;4/01/02
1216;8;161;5/01/02
1217;5;206;5/01/02
1218;13;284;5/01/02
1219;11;100;5/01/02
1220;14;257;7/01/02
1221;15;286;7/01/02
1222;9;164;7/01/02
1223;15;295;7/01/02
1224;18;220;9/01/02
1225;16;300;9/01/02
1226;7;308;11/01/02
1227;7;112;11/01/02
1228;3;277;11/01/02
1229;13;239;12/01/02
1230;15;181;12/01/02
1231;3;244;12/01/02
1232;5;267;13/01/02
1233;14;271;13/01/02
1234;7;174;14/01/02
1235;12;278;14/01/02
1236;8;119;14/01/02
1237;14;192;14/01/02
1238;13;264;15/01/02
1239;12;287;15/01/02
1240;15;190;15/01/02
1241;5;263;16/01/02
1242;16;179;19/01/02
1243;14;231;19/01/02
1244;14;183;20/01/02
1245;14;206;20/01/02
1246;19;155;22/01/02
1247;6;258;22/01/02
1248;13;236;23/01/02
1249;17;141;23/01/02
1250;5;299;23/01/02
1251;17;273;23/01/02
1252;13;211;23/01/02
1253;2;122;23/01/02
1254;16;293;25/01/02
1255;3;317;27/01/02
1256;17;270;27/01/02
1257;18;143;27/01/02
1258;18;240;28/01/02
1259;5;304;29/01/02
1260;1;223;29/01/02
1261;17;214;29/01/02
1262;6;195;29/01/02
1263;12;173;1/02/02
1264;17;156;3/02/02
1265;11;125;3/02/02
1266;16;263;4/02/02
1267;13;246;5/02/02
1268;12;243;5/02/02
1269;2;196;6/02/02
1270;2;239;7/02/02
1271;19;318;8/02/02
1272;17;304;8/02/02
1273;11;286;9/02/02
1274;8;171;9/02/02
1275;15;222;10/02/02
1276;11;165;10/02/02
1277;6;164;11/02/02
1278;20;116;11/02/02
1279;19;106;11/02/02
1280;18;134;13/02/02
1281;11;173;13/02/02
1282;7;237;13/02/02
1283;8;254;15/02/02
1284;17;258;15/02/02
1285;19;259;16/02/02
1286;8;133;16/02/02
1287;13;106;18/02/02
1288;16;190;18/02/02
1289;14;313;19/02/02
1290;6;140;19/02/02
1291;16;273;20/02/02
1292;9;142;20/02/02
1293;8;250;20/02/02
1294;1;228;20/02/02
1295;15;258;21/02/02
1296;6;135;22/02/02
1297;10;219;24/02/02
1298;9;130;24/02/02
1299;6;295;25/02/02
1300;2;150;25/02/02
1301;11;186;28/02/02
1302;19;149;28/02/02
1303;12;297;1/03/02
1304;3;119;1/03/02
1305;10;104;3/03/02
1306;12;242;3/03/02
1307;1;302;5/03/02
1308;1;236;5/03/02
1309;1;215;6/03/02
1310;6;261;6/03/02
1311;4;147;6/03/02
1312;13;271;6/03/02
1313;20;184;11/03/02
1314;7;297;11/03/02
1315;5;140;11/03/02
1316;15;226;11/03/02
1317;11;299;12/03/02
1318;3;277;13/03/02
1319;4;167;14/03/02
1320;18;263;14/03/02
1321;3;276;17/03/02
1322;11;286;17/03/02
1323;8;139;19/03/02
1324;16;249;21/03/02
1325;14;154;21/03/02
1326;2;192;21/03/02
1327;14;290;21/03/02
1328;14;176;21/03/02
1329;15;147;22/03/02
1330;15;137;22/03/02
1331;3;266;22/03/02
1332;2;180;24/03/02
1333;5;128;24/03/02
1334;3;167;24/03/02
1335;12;118;25/03/02
1336;13;178;28/03/02
1337;10;231;28/03/02
1338;3;169;28/03/02
1339;15;254;29/03/02
1340;1;112;29/03/02
1341;9;189;31/03/02
1342;2;243;31/03/02
1343;19;270;31/03/02
1344;5;143;31/03/02
1345;15;109;1/04/02
1346;8;215;3/04/02
1347;1;204;3/04/02
1348;14;300;6/04/02
1349;11;144;6/04/02
1350;20;158;6/04/02
1351;9;222;6/04/02
1352;1;251;6/04/02
1353;8;301;6/04/02
1354;4;197;7/04/02
1355;14;185;7/04/02
1356;9;181;8/04/02
1357;17;276;8/04/02
1358;11;210;10/04/02
1359;19;253;10/04/02
1360;4;231;10/04/02
1361;14;190;12/04/02
1362;13;314;13/04/02
1363;13;253;13/04/02
1364;19;227;13/04/02
1365;1;317;13/04/02
1366;4;148;14/04/02
1367;4;123;14/04/02
1368;6;216;14/04/02
1369;10;118;14/04/02
1370;9;182;17/04/02
1371;8;111;18/04/02
1372;4;111;18/04/02
1373;10;198;18/04/02
1374;13;316;18/04/02
1375;7;284;19/04/02
1376;15;299;19/04/02
1377;3;288;20/04/02
1378;5;277;20/04/02
1379;9;239;20/04/02
1380;17;285;21/04/02
1381;18;304;21/04/02
1382;6;158;22/04/02
1383;20;197;22/04/02
1384;9;295;22/04/02
1385;10;129;22/04/02
1386;2;275;23/04/02
1387;9;176;24/04/02
1388;15;125;24/04/02
1389;2;281;25/04/02
1390;14;212;25/04/02
1391;20;246;26/04/02
1392;17;143;26/04/02
1393;11;149;26/04/02
1394;20;306;26/04/02
1395;20;236;26/04/02
1396;18;193;26/04/02
1397;9;140;27/04/02
1398;6;239;27/04/02
1399;14;152;28/04/02
1400;12;119;28/04/02
1401;14;252;29/04/02
1402;1;287;29/04/02
1403;4;222;29/04/02
1404;4;153;30/04/02
1405;10;310;30/04/02
1406;19;306;1/05/02
1407;8;232;1/05/02
1408;2;158;2/05/02
1409;10;198;2/05/02
1410;20;129;3/05/02
1411;6;235;3/05/02
1412;10;152;5/05/02
1413;18;221;5/05/02
1414;14;164;5/05/02
1415;6;134;5/05/02
1416;2;152;8/05/02
1417;15;297;8/05/02
1418;2;226;11/05/02
1419;20;148;11/05/02
1420;19;138;12/05/02
1421;12;309;12/05/02
1422;16;176;12/05/02
1423;13;184;13/05/02
1424;9;294;13/05/02
1425;18;122;14/05/02
1426;5;220;15/05/02
1427;17;123;15/05/02
1428;10;166;17/05/02
1429;4;319;17/05/02
1430;20;156;17/05/02
1431;11;278;17/05/02
1432;16;246;17/05/02
1433;7;309;17/05/02
1434;14;107;17/05/02
1435;3;103;17/05/02
1436;8;201;18/05/02
1437;10;110;18/05/02
1438;7;126;20/05/02
1439;13;289;22/05/02
1440;19;222;22/05/02
1441;15;244;22/05/02
1442;8;191;22/05/02
1443;6;105;23/05/02
1444;14;160;23/05/02
1445;6;232;23/05/02
1446;1;196;28/05/02
1447;9;291;28/05/02
1448;15;132;28/05/02
1449;2;303;28/05/02
1450;3;144;29/05/02
1451;8;278;29/05/02
1452;8;181;29/05/02
1453;7;176;29/05/02
1454;2;243;29/05/02
1455;18;121;29/05/02
1456;2;261;29/05/02
1457;3;247;31/05/02
1458;3;110;31/05/02
1459;5;166;2/06/02
1460;15;296;5/06/02
1461;19;159;7/06/02
1462;9;290;9/06/02
1463;9;163;9/06/02
1464;14;106;9/06/02
1465;3;265;9/06/02
1466;18;181;9/06/02
1467;2;105;9/06/02
1468;3;292;10/06/02
1469;20;256;10/06/02
1470;2;264;10/06/02
1471;1;196;11/06/02
1472;12;293;11/06/02
1473;10;205;13/06/02
1474;3;270;14/06/02
1475;10;251;14/06/02
1476;16;308;15/06/02
1477;18;246;15/06/02
1478;20;309;17/06/02
1479;9;166;18/06/02
1480;19;108;18/06/02
1481;3;180;19/06/02
1482;20;282;19/06/02
1483;7;225;19/06/02
1484;20;256;19/06/02
1485;16;132;21/06/02
1486;10;134;21/06/02
1487;6;287;22/06/02
1488;4;265;22/06/02
1489;7;303;22/06/02
1490;5;170;24/06/02
1491;2;158;24/06/02
1492;7;267;24/06/02
1493;14;125;24/06/02
1494;6;211;25/06/02
1495;19;295;26/06/02
1496;20;169;26/06/02
1497;15;132;26/06/02
1498;2;118;27/06/02
1499;9;260;27/06/02
1500;9;235;29/06/02
1501;19;161;29/06/02
1502;15;221;29/06/02
1503;9;239;29/06/02
1504;12;316;1/07/02
1505;19;297;1/07/02
1506;6;210;1/07/02
1507;20;111;1/07/02
1508;17;182;3/07/02
1509;8;144;3/07/02
1510;18;189;5/07/02
1511;13;216;5/07/02
1512;18;104;7/07/02
1513;10;295;7/07/02
1514;16;282;8/07/02
1515;9;176;8/07/02
1516;14;190;9/07/02
1517;7;267;9/07/02
1518;11;215;10/07/02
1519;7;152;10/07/02
1520;1;280;10/07/02
1521;20;210;11/07/02
1522;3;269;11/07/02
1523;5;108;11/07/02
1524;16;209;12/07/02
1525;8;197;12/07/02
1526;5;305;12/07/02
1527;2;290;14/07/02
1528;9;179;14/07/02
1529;15;273;14/07/02
1530;7;312;14/07/02
1531;17;295;14/07/02
1532;18;203;14/07/02
1533;13;276;15/07/02
1534;13;219;16/07/02
1535;5;202;16/07/02
1536;2;150;19/07/02
1537;20;141;20/07/02
1538;4;269;20/07/02
1539;4;151;21/07/02
1540;5;277;21/07/02
1541;13;291;21/07/02
1542;15;229;22/07/02
1543;19;131;22/07/02
1544;20;159;23/07/02
1545;13;237;24/07/02
1546;20;114;24/07/02
1547;19;144;25/07/02
1548;5;318;25/07/02
1549;16;111;26/07/02
1550;12;116;27/07/02
1551;1;240;27/07/02
1552;2;306;28/07/02
1553;10;126;29/07/02
1554;4;106;1/08/02
1555;6;312;1/08/02
1556;7;212;3/08/02
1557;9;105;3/08/02
1558;9;167;5/08/02
1559;17;127;6/08/02
1560;2;113;6/08/02
1561;1;106;6/08/02
1562;1;121;8/08/02
1563;2;311;8/08/02
1564;10;313;8/08/02
1565;14;117;8/08/02
1566;7;244;8/08/02
1567;12;159;8/08/02
1568;16;273;8/08/02
1569;20;163;8/08/02
1570;4;200;8/08/02
1571;3;104;10/08/02
1572;2;235;10/08/02
1573;6;230;10/08/02
1574;16;144;10/08/02
1575;19;183;11/08/02
1576;8;270;11/08/02
1577;9;182;11/08/02
1578;15;234;11/08/02
1579;20;273;11/08/02
1580;15;172;11/08/02
1581;20;310;13/08/02
1582;19;173;13/08/02
1583;18;231;15/08/02
1584;12;304;16/08/02
1585;6;297;16/08/02
1586;14;278;17/08/02
1587;14;310;18/08/02
1588;8;251;18/08/02
1589;7;313;18/08/02
1590;9;224;19/08/02
1591;2;216;19/08/02
1592;20;151;19/08/02
1593;8;229;19/08/02
1594;9;166;19/08/02
1595;1;221;20/08/02
1596;11;302;20/08/02
1597;20;233;22/08/02
1598;4;133;22/08/02
1599;10;253;22/08/02
1600;12;225;22/08/02
1601;7;149;22/08/02
1602;14;117;24/08/02
1603;13;251;24/08/02
1604;10;261;25/08/02
1605;5;312;25/08/02
1606;18;281;26/08/02
1607;5;210;26/08/02
1608;14;150;26/08/02
1609;15;192;26/08/02
1610;12;311;29/08/02
1611;17;209;29/08/02
1612;16;267;2/09/02
1613;12;241;3/09/02
1614;19;110;3/09/02
1615;1;233;4/09/02
1616;14;251;4/09/02
1617;17;102;4/09/02
1618;15;245;5/09/02
1619;9;267;7/09/02
1620;8;277;7/09/02
1621;19;271;8/09/02
1622;9;232;8/09/02
1623;9;230;9/09/02
1624;15;224;9/09/02
1625;2;199;10/09/02
1626;4;317;10/09/02
1627;20;266;11/09/02
1628;6;285;11/09/02
1629;9;137;12/09/02
1630;14;107;12/09/02
1631;2;234;12/09/02
1632;20;181;13/09/02
1633;10;182;13/09/02
1634;13;120;14/09/02
1635;8;194;14/09/02
1636;14;196;14/09/02
1637;1;252;14/09/02
1638;18;171;19/09/02
1639;16;132;19/09/02
1640;4;282;19/09/02
1641;14;163;19/09/02
1642;15;179;20/09/02
1643;17;148;20/09/02
1644;12;106;22/09/02
1645;7;157;24/09/02
1646;11;148;24/09/02
1647;5;210;26/09/02
1648;20;289;26/09/02
1649;2;115;28/09/02
1650;11;260;28/09/02
1651;18;140;28/09/02
1652;19;108;28/09/02
1653;4;163;29/09/02
1654;15;200;29/09/02
1655;6;122;30/09/02
1656;6;214;30/09/02
1657;3;162;30/09/02
1658;18;158;1/10/02
1659;3;303;1/10/02
1660;12;147;1/10/02
1661;12;318;3/10/02
1662;15;112;3/10/02
1663;19;302;4/10/02
1664;11;100;4/10/02
1665;6;146;5/10/02
1666;14;235;5/10/02
1667;4;133;6/10/02
1668;16;123;6/10/02
1669;1;185;7/10/02
1670;7;260;7/10/02
1671;19;223;7/10/02
1672;14;163;7/10/02
1673;16;129;7/10/02
1674;8;234;8/10/02
1675;15;138;8/10/02
1676;15;270;10/10/02
1677;7;105;10/10/02
1678;18;248;10/10/02
1679;16;196;11/10/02
1680;19;245;12/10/02
1681;20;215;12/10/02
1682;14;208;12/10/02
1683;7;243;13/10/02
1684;17;301;15/10/02
1685;17;315;15/10/02
1686;16;122;16/10/02
1687;13;179;16/10/02
1688;16;299;16/10/02
1689;13;272;17/10/02
1690;11;255;17/10/02
1691;13;160;19/10/02
1692;17;134;19/10/02
1693;9;229;22/10/02
1694;16;134;22/10/02
1695;19;174;23/10/02
1696;16;172;25/10/02
1697;18;291;26/10/02
1698;10;276;26/10/02
1699;9;308;26/10/02
1700;7;284;26/10/02
1701;8;236;28/10/02
1702;4;180;28/10/02
1703;3;272;29/10/02
1704;10;227;29/10/02
1705;15;245;31/10/02
1706;8;181;1/11/02
1707;17;255;1/11/02
1708;9;128;1/11/02
1709;12;157;2/11/02
1710;14;228;2/11/02
1711;19;288;3/11/02
1712;14;256;5/11/02
1713;15;261;6/11/02
1714;13;108;6/11/02
1715;14;198;7/11/02
1716;6;178;7/11/02
1717;6;119;8/11/02
1718;17;318;8/11/02
1719;20;193;8/11/02
1720;4;187;8/11/02
1721;5;238;8/11/02
1722;12;273;8/11/02
1723;2;139;9/11/02
1724;8;267;9/11/02
1725;17;272;9/11/02
1726;14;266;9/11/02
1727;10;117;10/11/02
1728;2;112;10/11/02
1729;14;112;10/11/02
1730;9;136;11/11/02
1731;11;159;12/11/02
1732;2;244;14/11/02
1733;6;284;14/11/02
1734;12;243;14/11/02
1735;14;217;14/11/02
1736;19;134;14/11/02
1737;18;289;16/11/02
1738;6;318;16/11/02
1739;15;219;17/11/02
1740;20;146;17/11/02
1741;14;254;17/11/02
1742;19;134;17/11/02
1743;7;204;18/11/02
1744;20;131;18/11/02
1745;12;223;19/11/02
1746;10;234;19/11/02
1747;12;267;21/11/02
1748;9;249;21/11/02
1749;9;107;23/11/02
1750;16;141;23/11/02
1751;20;276;25/11/02
1752;4;140;25/11/02
1753;15;108;26/11/02
1754;11;143;26/11/02
1755;15;263;26/11/02
1756;15;158;27/11/02
1757;1;207;27/11/02
1758;9;244;27/11/02
1759;6;237;27/11/02
1760;4;290;27/11/02
1761;8;258;28/11/02
1762;2;232;28/11/02
1763;17;196;28/11/02
1764;5;256;28/11/02
1765;8;263;28/11/02
1766;3;140;30/11/02
1767;4;183;30/11/02
1768;9;123;30/11/02
1769;5;300;1/12/02
1770;7;113;1/12/02
1771;13;105;4/12/02
1772;8;148;4/12/02
1773;12;137;8/12/02
1774;7;155;8/12/02
1775;18;180;8/12/02
1776;9;183;8/12/02
1777;12;237;8/12/02
1778;13;131;8/12/02
1779;6;124;10/12/02
1780;9;187;12/12/02
1781;10;310;12/12/02
1782;12;236;13/12/02
1783;5;128;13/12/02
1784;2;235;14/12/02
1785;19;247;14/12/02
1786;8;240;14/12/02
1787;18;146;18/12/02
1788;5;141;18/12/02
1789;18;185;19/12/02
1790;2;236;19/12/02
1791;13;182;19/12/02
1792;15;254;19/12/02
1793;19;222;19/12/02
1794;1;311;19/12/02
1795;7;285;20/12/02
1796;17;304;20/12/02
1797;13;115;20/12/02
1798;18;235;21/12/02
1799;18;123;21/12/02
1800;13;108;22/12/02
1801;3;236;22/12/02
1802;14;220;23/12/02
1803;9;283;23/12/02
1804;11;278;23/12/02
1805;10;147;23/12/02
1806;17;180;25/12/02
1807;8;159;25/12/02
1808;14;273;25/12/02
1809;5;222;25/12/02
1810;17;235;25/12/02
1811;12;154;27/12/02
1812;12;261;27/12/02
1813;8;277;29/12/02
1814;14;269;29/12/02
1815;18;213;29/12/02
1816;7;268;29/12/02
1817;6;230;30/12/02
1818;10;127;30/12/02
1819;17;234;31/12/02
1820;10;114;31/12/02
