OrderID;EmployeeID;CustomerID;Date
3696;1;106;2/01/06
3697;20;317;2/01/06
3698;3;127;3/01/06
3699;9;282;3/01/06
3700;18;175;5/01/06
3701;4;201;5/01/06
3702;18;155;5/01/06
3703;4;270;5/01/06
3704;17;249;6/01/06
3705;14;107;6/01/06
3706;7;204;6/01/06
3707;17;204;6/01/06
3708;7;258;8/01/06
3709;14;212;8/01/06
3710;8;219;8/01/06
3711;15;178;8/01/06
3712;3;253;10/01/06
3713;5;186;10/01/06
3714;2;216;10/01/06
3715;20;210;10/01/06
3716;15;313;10/01/06
3717;20;135;10/01/06
3718;8;160;11/01/06
3719;19;181;11/01/06
3720;7;115;12/01/06
3721;8;255;12/01/06
3722;14;303;14/01/06
3723;10;318;15/01/06
3724;17;164;15/01/06
3725;13;224;16/01/06
3726;20;177;17/01/06
3727;4;193;17/01/06
3728;17;125;17/01/06
3729;1;214;17/01/06
3730;9;268;17/01/06
3731;5;211;17/01/06
3732;19;272;17/01/06
3733;10;188;17/01/06
3734;9;222;17/01/06
3735;20;148;17/01/06
3736;6;110;17/01/06
3737;9;176;19/01/06
3738;15;253;19/01/06
3739;5;232;21/01/06
3740;16;226;21/01/06
3741;11;142;24/01/06
3742;14;236;27/01/06
3743;18;268;27/01/06
3744;19;196;27/01/06
3745;18;284;28/01/06
3746;1;272;28/01/06
3747;4;195;29/01/06
3748;7;122;29/01/06
3749;1;219;30/01/06
3750;12;230;30/01/06
3751;16;299;31/01/06
3752;3;141;31/01/06
3753;5;318;31/01/06
3754;15;209;2/02/06
3755;1;170;2/02/06
3756;4;142;2/02/06
3757;17;257;2/02/06
3758;17;198;2/02/06
3759;10;283;2/02/06
3760;6;213;3/02/06
3761;16;263;3/02/06
3762;2;250;5/02/06
3763;17;165;5/02/06
3764;11;162;7/02/06
3765;8;177;10/02/06
3766;2;200;10/02/06
3767;15;140;11/02/06
3768;8;202;11/02/06
3769;4;248;11/02/06
3770;4;106;11/02/06
3771;15;196;11/02/06
3772;5;134;11/02/06
3773;7;260;13/02/06
3774;11;215;13/02/06
3775;11;247;14/02/06
3776;2;225;14/02/06
3777;14;196;15/02/06
3778;9;154;15/02/06
3779;11;141;16/02/06
3780;14;191;16/02/06
3781;4;269;16/02/06
3782;1;231;16/02/06
3783;3;192;16/02/06
3784;4;162;16/02/06
3785;14;211;18/02/06
3786;16;183;18/02/06
3787;6;207;19/02/06
3788;15;319;19/02/06
3789;1;304;20/02/06
3790;9;109;20/02/06
3791;19;148;20/02/06
3792;17;143;20/02/06
3793;15;114;22/02/06
3794;18;293;22/02/06
3795;8;210;22/02/06
3796;2;305;22/02/06
3797;8;313;23/02/06
3798;1;164;27/02/06
3799;14;156;27/02/06
3800;11;189;28/02/06
3801;20;264;28/02/06
3802;15;170;2/03/06
3803;3;269;2/03/06
3804;6;128;3/03/06
3805;13;155;3/03/06
3806;6;108;3/03/06
3807;17;198;4/03/06
3808;3;198;4/03/06
3809;4;174;4/03/06
3810;8;134;5/03/06
3811;13;319;8/03/06
3812;17;125;8/03/06
3813;6;297;9/03/06
3814;4;171;9/03/06
3815;12;214;10/03/06
3816;19;216;10/03/06
3817;2;305;10/03/06
3818;18;186;11/03/06
3819;20;228;11/03/06
3820;18;131;11/03/06
3821;13;226;11/03/06
3822;19;318;12/03/06
3823;1;214;12/03/06
3824;5;149;12/03/06
3825;18;271;12/03/06
3826;1;133;13/03/06
3827;5;112;13/03/06
3828;3;315;13/03/06
3829;16;168;13/03/06
3830;3;231;17/03/06
3831;20;163;17/03/06
3832;16;311;17/03/06
3833;14;134;18/03/06
3834;11;227;18/03/06
3835;3;253;19/03/06
3836;20;227;20/03/06
3837;18;218;20/03/06
3838;19;286;20/03/06
3839;3;191;20/03/06
3840;8;161;20/03/06
3841;19;131;20/03/06
3842;14;319;21/03/06
3843;15;291;21/03/06
3844;9;291;22/03/06
3845;10;154;22/03/06
3846;14;101;25/03/06
3847;3;306;25/03/06
3848;17;199;25/03/06
3849;2;285;25/03/06
3850;12;294;25/03/06
3851;6;134;28/03/06
3852;10;119;3/04/06
3853;12;317;4/04/06
3854;16;110;4/04/06
3855;19;285;4/04/06
3856;20;259;4/04/06
3857;13;159;5/04/06
3858;17;153;6/04/06
3859;3;162;6/04/06
3860;18;235;7/04/06
3861;9;180;7/04/06
3862;13;146;9/04/06
3863;6;183;9/04/06
3864;3;125;10/04/06
3865;15;145;11/04/06
3866;13;269;11/04/06
3867;16;264;11/04/06
3868;2;147;12/04/06
3869;4;211;13/04/06
3870;11;106;13/04/06
3871;18;206;13/04/06
3872;19;116;14/04/06
3873;9;315;14/04/06
3874;16;218;14/04/06
3875;14;178;14/04/06
3876;5;265;15/04/06
3877;7;178;15/04/06
3878;17;152;17/04/06
3879;14;119;17/04/06
3880;6;110;18/04/06
3881;18;245;19/04/06
3882;9;297;19/04/06
3883;5;229;19/04/06
3884;15;180;19/04/06
3885;1;247;19/04/06
3886;16;165;20/04/06
3887;15;172;20/04/06
3888;17;311;20/04/06
3889;7;122;20/04/06
3890;6;132;22/04/06
3891;6;245;24/04/06
3892;8;195;24/04/06
3893;19;284;25/04/06
3894;3;310;25/04/06
3895;3;125;26/04/06
3896;19;108;26/04/06
3897;19;191;26/04/06
3898;19;158;26/04/06
3899;3;265;26/04/06
3900;19;291;26/04/06
3901;10;209;26/04/06
3902;1;266;27/04/06
3903;9;252;27/04/06
3904;3;155;30/04/06
3905;17;289;30/04/06
3906;2;241;1/05/06
3907;14;303;3/05/06
3908;9;189;5/05/06
3909;7;309;5/05/06
3910;4;119;5/05/06
3911;10;120;7/05/06
3912;19;142;7/05/06
3913;11;186;8/05/06
3914;3;180;8/05/06
3915;18;169;9/05/06
3916;9;158;9/05/06
3917;8;145;9/05/06
3918;5;195;10/05/06
3919;15;172;10/05/06
3920;14;157;12/05/06
3921;5;205;12/05/06
3922;3;305;12/05/06
3923;4;113;13/05/06
3924;13;224;13/05/06
3925;2;172;14/05/06
3926;6;215;14/05/06
3927;14;286;15/05/06
3928;8;199;16/05/06
3929;14;288;16/05/06
3930;2;317;16/05/06
3931;9;173;16/05/06
3932;12;136;16/05/06
3933;13;282;16/05/06
3934;6;118;16/05/06
3935;7;144;19/05/06
3936;12;196;19/05/06
3937;7;240;19/05/06
3938;16;222;20/05/06
3939;6;139;20/05/06
3940;3;254;20/05/06
3941;9;226;20/05/06
3942;19;272;20/05/06
3943;19;286;21/05/06
3944;18;139;21/05/06
3945;13;131;21/05/06
3946;10;206;21/05/06
3947;3;221;21/05/06
3948;11;233;21/05/06
3949;1;104;23/05/06
3950;13;101;24/05/06
3951;10;132;24/05/06
3952;20;198;24/05/06
3953;17;116;24/05/06
3954;12;158;24/05/06
3955;12;142;24/05/06
3956;6;236;30/05/06
3957;20;301;30/05/06
3958;15;301;31/05/06
3959;1;215;31/05/06
3960;15;219;31/05/06
3961;5;149;3/06/06
3962;14;318;3/06/06
3963;19;232;5/06/06
3964;8;101;5/06/06
3965;20;154;6/06/06
3966;17;177;6/06/06
3967;8;143;7/06/06
3968;19;185;8/06/06
3969;9;213;8/06/06
3970;11;155;9/06/06
3971;2;225;9/06/06
3972;1;317;9/06/06
3973;1;270;10/06/06
3974;10;257;10/06/06
3975;7;290;10/06/06
3976;9;300;12/06/06
3977;12;255;15/06/06
3978;15;295;15/06/06
3979;17;208;17/06/06
3980;9;186;17/06/06
3981;2;160;18/06/06
3982;11;227;18/06/06
3983;1;273;19/06/06
3984;19;149;19/06/06
3985;19;264;19/06/06
3986;5;298;19/06/06
3987;4;228;21/06/06
3988;12;164;21/06/06
3989;10;109;21/06/06
3990;5;167;22/06/06
3991;6;126;22/06/06
3992;1;280;22/06/06
3993;14;157;22/06/06
3994;10;113;22/06/06
3995;18;266;22/06/06
3996;14;313;23/06/06
3997;2;260;23/06/06
3998;5;241;24/06/06
3999;9;258;24/06/06
4000;13;227;28/06/06
4001;19;318;28/06/06
4002;3;294;28/06/06
4003;6;149;28/06/06
4004;14;107;29/06/06
4005;10;163;29/06/06
4006;12;190;30/06/06
4007;11;298;30/06/06
4008;16;256;30/06/06
4009;5;219;30/06/06
4010;17;202;30/06/06
4011;17;314;30/06/06
4012;1;282;1/07/06
4013;20;168;1/07/06
4014;10;291;2/07/06
4015;14;170;2/07/06
4016;11;275;2/07/06
4017;12;112;2/07/06
4018;4;274;2/07/06
4019;4;146;6/07/06
4020;1;226;6/07/06
4021;12;156;6/07/06
4022;19;318;6/07/06
4023;13;246;8/07/06
4024;9;159;8/07/06
4025;10;224;8/07/06
4026;13;132;8/07/06
4027;11;129;8/07/06
4028;10;218;8/07/06
4029;1;247;9/07/06
4030;1;198;9/07/06
4031;5;211;10/07/06
4032;10;187;10/07/06
4033;4;237;10/07/06
4034;5;266;10/07/06
4035;19;132;10/07/06
4036;1;177;11/07/06
4037;4;319;11/07/06
4038;18;270;13/07/06
4039;6;171;13/07/06
4040;5;280;14/07/06
4041;8;270;14/07/06
4042;17;317;14/07/06
4043;14;231;14/07/06
4044;7;149;16/07/06
4045;3;139;16/07/06
4046;3;230;17/07/06
4047;4;147;17/07/06
4048;12;192;19/07/06
4049;13;311;19/07/06
4050;6;157;20/07/06
4051;5;248;20/07/06
4052;2;170;20/07/06
4053;15;313;20/07/06
4054;16;225;20/07/06
4055;7;194;20/07/06
4056;1;235;21/07/06
4057;15;110;21/07/06
4058;2;259;23/07/06
4059;10;131;23/07/06
4060;19;217;24/07/06
4061;17;298;24/07/06
4062;9;215;24/07/06
4063;8;161;25/07/06
4064;14;233;26/07/06
4065;13;174;26/07/06
4066;2;238;26/07/06
4067;10;274;26/07/06
4068;6;297;28/07/06
4069;14;181;28/07/06
4070;8;210;30/07/06
4071;8;235;31/07/06
4072;4;145;31/07/06
4073;11;140;1/08/06
4074;2;239;1/08/06
4075;15;315;2/08/06
4076;11;190;2/08/06
4077;15;263;2/08/06
4078;18;316;3/08/06
4079;10;262;3/08/06
4080;6;226;3/08/06
4081;9;230;5/08/06
4082;13;308;5/08/06
4083;15;243;8/08/06
4084;6;123;9/08/06
4085;18;156;10/08/06
4086;8;215;10/08/06
4087;2;148;12/08/06
4088;5;314;12/08/06
4089;20;132;12/08/06
4090;18;179;12/08/06
4091;17;262;12/08/06
4092;19;258;12/08/06
4093;7;201;13/08/06
4094;20;298;14/08/06
4095;10;268;14/08/06
4096;3;309;14/08/06
4097;15;229;14/08/06
4098;1;170;15/08/06
4099;20;281;15/08/06
4100;11;208;15/08/06
4101;8;188;17/08/06
4102;9;154;17/08/06
4103;20;235;17/08/06
4104;19;102;19/08/06
4105;16;128;19/08/06
4106;7;216;19/08/06
4107;18;233;20/08/06
4108;14;187;20/08/06
4109;5;223;20/08/06
4110;15;199;20/08/06
4111;13;133;22/08/06
4112;12;134;22/08/06
4113;14;119;23/08/06
4114;20;227;23/08/06
4115;20;254;25/08/06
4116;15;119;25/08/06
4117;6;230;25/08/06
4118;4;257;26/08/06
4119;3;282;26/08/06
4120;7;164;26/08/06
4121;4;177;28/08/06
4122;15;144;28/08/06
4123;20;199;28/08/06
4124;13;214;28/08/06
4125;16;140;29/08/06
4126;9;268;29/08/06
4127;8;234;31/08/06
4128;12;245;31/08/06
4129;3;197;1/09/06
4130;5;230;1/09/06
4131;13;151;2/09/06
4132;2;205;2/09/06
4133;13;265;4/09/06
4134;9;278;4/09/06
4135;7;224;4/09/06
4136;5;133;4/09/06
4137;11;196;4/09/06
4138;15;180;8/09/06
4139;11;152;8/09/06
4140;13;201;9/09/06
4141;14;253;11/09/06
4142;7;209;11/09/06
4143;6;298;12/09/06
4144;5;222;15/09/06
4145;15;224;15/09/06
4146;19;175;15/09/06
4147;3;222;15/09/06
4148;17;238;15/09/06
4149;11;301;15/09/06
4150;19;166;15/09/06
4151;11;203;15/09/06
4152;1;318;16/09/06
4153;18;169;16/09/06
4154;1;268;18/09/06
4155;14;306;18/09/06
4156;10;261;20/09/06
4157;8;274;20/09/06
4158;15;126;20/09/06
4159;2;237;22/09/06
4160;2;188;22/09/06
4161;7;192;24/09/06
4162;7;308;24/09/06
4163;8;197;28/09/06
4164;14;141;28/09/06
4165;19;198;29/09/06
4166;12;306;29/09/06
4167;9;205;29/09/06
4168;2;242;29/09/06
4169;7;289;30/09/06
4170;11;314;30/09/06
4171;19;199;30/09/06
4172;9;314;30/09/06
4173;7;218;30/09/06
4174;18;117;1/10/06
4175;11;224;1/10/06
4176;19;230;2/10/06
4177;2;109;2/10/06
4178;19;299;2/10/06
4179;9;218;2/10/06
4180;14;120;3/10/06
4181;9;247;3/10/06
4182;12;290;4/10/06
4183;16;219;4/10/06
4184;14;261;6/10/06
4185;16;206;6/10/06
4186;12;204;6/10/06
4187;13;154;6/10/06
4188;17;176;7/10/06
4189;1;128;7/10/06
4190;9;158;7/10/06
4191;13;176;9/10/06
4192;14;211;9/10/06
4193;19;242;9/10/06
4194;18;178;9/10/06
4195;17;103;10/10/06
4196;13;220;10/10/06
4197;7;161;10/10/06
4198;9;195;10/10/06
4199;9;302;10/10/06
4200;5;285;10/10/06
4201;14;162;10/10/06
4202;10;178;11/10/06
4203;4;115;11/10/06
4204;16;113;11/10/06
4205;11;265;11/10/06
4206;2;249;12/10/06
4207;9;233;12/10/06
4208;19;129;12/10/06
4209;20;298;12/10/06
4210;6;190;13/10/06
4211;3;151;13/10/06
4212;14;203;13/10/06
4213;12;134;16/10/06
4214;2;142;16/10/06
4215;15;239;16/10/06
4216;8;253;16/10/06
4217;7;149;16/10/06
4218;15;128;16/10/06
4219;12;160;18/10/06
4220;9;165;18/10/06
4221;4;214;20/10/06
4222;14;204;20/10/06
4223;18;143;21/10/06
4224;5;250;21/10/06
4225;8;155;22/10/06
4226;10;221;22/10/06
4227;17;181;22/10/06
4228;19;219;22/10/06
4229;17;147;23/10/06
4230;8;200;23/10/06
4231;7;146;23/10/06
4232;5;119;23/10/06
4233;20;288;24/10/06
4234;13;177;24/10/06
4235;19;180;25/10/06
4236;18;291;27/10/06
4237;16;183;27/10/06
4238;13;208;27/10/06
4239;15;100;27/10/06
4240;16;308;27/10/06
4241;18;150;27/10/06
4242;11;213;29/10/06
4243;4;114;29/10/06
4244;12;282;30/10/06
4245;16;264;30/10/06
4246;7;112;30/10/06
4247;12;232;31/10/06
4248;9;236;31/10/06
4249;4;149;2/11/06
4250;13;318;4/11/06
4251;17;133;4/11/06
4252;11;310;4/11/06
4253;18;177;5/11/06
4254;2;144;5/11/06
4255;19;219;6/11/06
4256;17;303;6/11/06
4257;16;307;8/11/06
4258;13;249;8/11/06
4259;4;282;9/11/06
4260;20;147;10/11/06
4261;2;117;10/11/06
4262;9;250;11/11/06
4263;2;177;11/11/06
4264;17;302;11/11/06
4265;18;136;11/11/06
4266;6;214;12/11/06
4267;9;241;12/11/06
4268;19;249;12/11/06
4269;13;119;16/11/06
4270;4;153;17/11/06
4271;5;288;17/11/06
4272;5;166;17/11/06
4273;2;289;17/11/06
4274;7;178;17/11/06
4275;19;177;18/11/06
4276;3;156;18/11/06
4277;7;228;19/11/06
4278;2;285;19/11/06
4279;14;128;19/11/06
4280;3;171;20/11/06
4281;1;177;20/11/06
4282;13;140;20/11/06
4283;15;115;21/11/06
4284;12;233;21/11/06
4285;18;193;22/11/06
4286;1;181;22/11/06
4287;10;283;23/11/06
4288;13;293;23/11/06
4289;20;311;24/11/06
4290;1;144;24/11/06
4291;1;208;24/11/06
4292;16;280;24/11/06
4293;11;282;26/11/06
4294;1;158;26/11/06
4295;13;264;27/11/06
4296;9;117;27/11/06
4297;20;226;28/11/06
4298;10;202;28/11/06
4299;10;185;29/11/06
4300;11;148;29/11/06
4301;20;167;29/11/06
4302;17;127;29/11/06
4303;13;189;30/11/06
4304;16;148;30/11/06
4305;18;176;30/11/06
4306;16;176;1/12/06
4307;10;147;2/12/06
4308;8;286;2/12/06
4309;3;281;3/12/06
4310;18;263;3/12/06
4311;20;318;4/12/06
4312;6;272;4/12/06
4313;7;172;5/12/06
4314;14;131;5/12/06
4315;18;208;5/12/06
4316;4;129;8/12/06
4317;1;246;8/12/06
4318;5;110;11/12/06
4319;16;302;11/12/06
4320;4;221;12/12/06
4321;14;301;12/12/06
4322;3;295;12/12/06
4323;7;150;12/12/06
4324;4;181;14/12/06
4325;3;123;16/12/06
4326;1;185;16/12/06
4327;14;187;16/12/06
4328;20;265;16/12/06
4329;8;290;16/12/06
4330;2;172;16/12/06
4331;20;296;16/12/06
4332;13;186;16/12/06
4333;18;158;17/12/06
4334;12;221;19/12/06
4335;5;132;19/12/06
4336;6;297;19/12/06
4337;15;286;19/12/06
4338;1;125;19/12/06
4339;7;140;19/12/06
4340;15;167;19/12/06
4341;2;291;20/12/06
4342;10;200;20/12/06
4343;11;270;20/12/06
4344;7;273;20/12/06
4345;5;218;20/12/06
4346;6;121;20/12/06
4347;12;151;21/12/06
4348;12;307;22/12/06
4349;3;204;22/12/06
4350;18;101;23/12/06
4351;10;288;23/12/06
4352;6;220;23/12/06
4353;15;197;25/12/06
4354;4;161;25/12/06
4355;3;207;25/12/06
4356;13;225;25/12/06
4357;8;152;25/12/06
4358;4;295;25/12/06
4359;18;223;25/12/06
4360;18;306;28/12/06
