OrderID;EmployeeID;CustomerID;Date
7433;15;229;2/01/12
7434;9;164;3/01/12
7435;2;190;3/01/12
7436;5;217;3/01/12
7437;14;145;3/01/12
7438;17;259;3/01/12
7439;20;152;6/01/12
7440;18;258;6/01/12
7441;13;189;7/01/12
7442;18;127;7/01/12
7443;7;239;10/01/12
7444;1;184;10/01/12
7445;4;133;10/01/12
7446;18;304;10/01/12
7447;4;175;10/01/12
7448;3;283;11/01/12
7449;6;164;11/01/12
7450;6;211;12/01/12
7451;19;209;12/01/12
7452;8;120;12/01/12
7453;13;220;13/01/12
7454;7;132;13/01/12
7455;10;174;13/01/12
7456;19;112;13/01/12
7457;1;119;14/01/12
7458;11;208;14/01/12
7459;7;112;15/01/12
7460;19;209;15/01/12
7461;14;238;15/01/12
7462;1;180;17/01/12
7463;10;212;17/01/12
7464;17;297;18/01/12
7465;6;106;18/01/12
7466;5;112;19/01/12
7467;1;285;19/01/12
7468;17;196;19/01/12
7469;12;288;19/01/12
7470;7;310;19/01/12
7471;17;226;20/01/12
7472;18;313;20/01/12
7473;2;139;21/01/12
7474;20;273;21/01/12
7475;1;315;21/01/12
7476;13;319;22/01/12
7477;15;227;22/01/12
7478;7;262;23/01/12
7479;19;159;23/01/12
7480;3;164;23/01/12
7481;8;263;23/01/12
7482;15;215;25/01/12
7483;14;265;25/01/12
7484;7;172;25/01/12
7485;4;109;25/01/12
7486;1;211;26/01/12
7487;20;207;27/01/12
7488;7;211;27/01/12
7489;16;117;28/01/12
7490;19;160;28/01/12
7491;10;299;28/01/12
7492;14;269;28/01/12
7493;2;162;29/01/12
7494;7;242;29/01/12
7495;8;286;29/01/12
7496;9;178;29/01/12
7497;17;303;31/01/12
7498;10;280;31/01/12
7499;4;223;3/02/12
7500;12;315;3/02/12
7501;3;119;3/02/12
7502;19;315;4/02/12
7503;5;162;4/02/12
7504;9;239;4/02/12
7505;4;265;5/02/12
7506;15;239;6/02/12
7507;15;125;7/02/12
7508;9;169;7/02/12
7509;10;226;8/02/12
7510;14;268;8/02/12
7511;9;224;8/02/12
7512;6;197;11/02/12
7513;6;166;11/02/12
7514;17;219;11/02/12
7515;18;111;11/02/12
7516;5;257;11/02/12
7517;16;288;11/02/12
7518;9;121;12/02/12
7519;6;221;13/02/12
7520;10;107;13/02/12
7521;10;249;14/02/12
7522;18;124;16/02/12
7523;16;281;16/02/12
7524;2;253;18/02/12
7525;2;151;19/02/12
7526;15;214;19/02/12
7527;18;150;19/02/12
7528;2;114;19/02/12
7529;6;260;19/02/12
7530;4;107;19/02/12
7531;2;183;20/02/12
7532;17;227;21/02/12
7533;3;146;21/02/12
7534;20;155;21/02/12
7535;8;168;22/02/12
7536;12;274;22/02/12
7537;18;146;22/02/12
7538;14;265;22/02/12
7539;6;274;22/02/12
7540;8;316;22/02/12
7541;9;287;22/02/12
7542;9;195;24/02/12
7543;14;156;24/02/12
7544;12;213;29/02/12
7545;19;215;29/02/12
7546;11;207;1/03/12
7547;3;172;1/03/12
7548;16;153;2/03/12
7549;3;303;2/03/12
7550;9;146;2/03/12
7551;5;103;2/03/12
7552;3;128;2/03/12
7553;12;196;3/03/12
7554;18;103;4/03/12
7555;13;292;4/03/12
7556;16;175;5/03/12
7557;15;194;5/03/12
7558;1;319;5/03/12
7559;7;144;5/03/12
7560;16;245;5/03/12
7561;5;308;6/03/12
7562;16;141;6/03/12
7563;12;203;6/03/12
7564;18;164;6/03/12
7565;8;100;7/03/12
7566;11;226;7/03/12
7567;4;288;7/03/12
7568;9;109;7/03/12
7569;14;309;7/03/12
7570;19;199;7/03/12
7571;5;188;7/03/12
7572;9;166;8/03/12
7573;5;285;8/03/12
7574;13;305;9/03/12
7575;18;158;9/03/12
7576;10;257;10/03/12
7577;18;183;10/03/12
7578;17;176;10/03/12
7579;12;166;11/03/12
7580;4;218;11/03/12
7581;12;223;11/03/12
7582;8;314;11/03/12
7583;5;295;11/03/12
7584;13;300;12/03/12
7585;17;310;13/03/12
7586;10;186;13/03/12
7587;3;193;15/03/12
7588;19;285;15/03/12
7589;4;205;16/03/12
7590;3;235;18/03/12
7591;5;254;18/03/12
7592;12;202;19/03/12
7593;14;261;19/03/12
7594;3;107;20/03/12
7595;5;209;23/03/12
7596;6;134;23/03/12
7597;3;110;23/03/12
7598;5;254;23/03/12
7599;3;267;24/03/12
7600;2;104;24/03/12
7601;8;169;30/03/12
7602;16;289;30/03/12
7603;16;264;31/03/12
7604;15;120;31/03/12
7605;7;155;1/04/12
7606;17;298;1/04/12
7607;9;278;1/04/12
7608;18;174;1/04/12
7609;5;168;2/04/12
7610;20;248;2/04/12
7611;20;129;2/04/12
7612;9;164;2/04/12
7613;12;253;3/04/12
7614;17;197;3/04/12
7615;7;169;4/04/12
7616;3;283;4/04/12
7617;8;284;4/04/12
7618;3;271;4/04/12
7619;17;108;5/04/12
7620;6;164;5/04/12
7621;10;257;5/04/12
7622;5;304;8/04/12
7623;2;300;8/04/12
7624;9;306;8/04/12
7625;20;252;9/04/12
7626;11;318;9/04/12
7627;6;119;11/04/12
7628;10;103;17/04/12
7629;11;129;17/04/12
7630;13;303;19/04/12
7631;3;301;19/04/12
7632;15;165;20/04/12
7633;6;251;20/04/12
7634;18;184;21/04/12
7635;14;146;21/04/12
7636;10;197;22/04/12
7637;20;113;22/04/12
7638;6;123;22/04/12
7639;13;167;22/04/12
7640;8;165;24/04/12
7641;8;212;24/04/12
7642;11;239;24/04/12
7643;12;109;24/04/12
7644;16;212;27/04/12
7645;3;113;27/04/12
7646;16;309;29/04/12
7647;13;160;29/04/12
7648;4;167;29/04/12
7649;13;109;29/04/12
7650;1;144;30/04/12
7651;13;281;30/04/12
7652;20;300;2/05/12
7653;17;193;2/05/12
7654;20;114;2/05/12
7655;7;301;2/05/12
7656;19;151;3/05/12
7657;11;287;3/05/12
7658;8;305;4/05/12
7659;14;307;4/05/12
7660;15;128;7/05/12
7661;4;133;7/05/12
7662;14;274;7/05/12
7663;17;114;9/05/12
7664;16;233;9/05/12
7665;1;304;12/05/12
7666;7;161;12/05/12
7667;18;115;13/05/12
7668;18;294;13/05/12
7669;11;122;14/05/12
7670;13;160;14/05/12
7671;19;212;15/05/12
7672;15;309;15/05/12
7673;9;227;17/05/12
7674;15;203;17/05/12
7675;14;140;17/05/12
7676;10;105;17/05/12
7677;18;305;19/05/12
7678;2;286;19/05/12
7679;5;272;19/05/12
7680;13;215;19/05/12
7681;19;212;20/05/12
7682;16;209;20/05/12
7683;6;199;20/05/12
7684;9;283;20/05/12
7685;11;300;21/05/12
7686;15;178;22/05/12
7687;3;275;22/05/12
7688;20;135;22/05/12
7689;12;107;22/05/12
7690;12;198;22/05/12
7691;8;261;22/05/12
7692;2;310;22/05/12
7693;4;310;23/05/12
7694;17;132;23/05/12
7695;17;111;24/05/12
7696;1;145;24/05/12
7697;9;136;24/05/12
7698;3;274;24/05/12
7699;9;220;25/05/12
7700;12;286;26/05/12
7701;15;300;26/05/12
7702;20;196;27/05/12
7703;7;104;27/05/12
7704;2;291;27/05/12
7705;13;260;30/05/12
7706;2;301;30/05/12
7707;9;278;31/05/12
7708;12;147;31/05/12
7709;8;112;31/05/12
7710;11;274;31/05/12
7711;16;114;4/06/12
7712;20;227;4/06/12
7713;12;158;4/06/12
7714;12;163;4/06/12
7715;4;167;5/06/12
7716;19;217;6/06/12
7717;9;213;6/06/12
7718;10;102;6/06/12
7719;15;187;6/06/12
7720;2;118;6/06/12
7721;7;307;6/06/12
7722;4;221;6/06/12
7723;20;240;6/06/12
7724;16;263;6/06/12
7725;13;178;7/06/12
7726;7;123;7/06/12
7727;13;102;10/06/12
7728;7;257;11/06/12
7729;20;259;11/06/12
7730;14;258;11/06/12
7731;15;292;11/06/12
7732;4;280;11/06/12
7733;14;141;12/06/12
7734;1;254;12/06/12
7735;3;240;13/06/12
7736;2;238;13/06/12
7737;8;128;13/06/12
7738;2;230;16/06/12
7739;16;141;16/06/12
7740;16;122;16/06/12
7741;1;157;16/06/12
7742;14;263;19/06/12
7743;8;305;20/06/12
7744;6;193;20/06/12
7745;7;317;21/06/12
7746;15;149;21/06/12
7747;16;252;23/06/12
7748;15;311;23/06/12
7749;9;224;24/06/12
7750;6;221;24/06/12
7751;14;188;25/06/12
7752;9;162;25/06/12
7753;19;308;30/06/12
7754;7;160;30/06/12
7755;16;281;1/07/12
7756;12;135;2/07/12
7757;3;287;3/07/12
7758;2;170;4/07/12
7759;14;203;4/07/12
7760;18;239;4/07/12
7761;6;159;4/07/12
7762;11;208;5/07/12
7763;3;100;5/07/12
7764;1;277;5/07/12
7765;18;250;5/07/12
7766;20;279;6/07/12
7767;11;107;7/07/12
7768;13;106;7/07/12
7769;11;269;7/07/12
7770;8;313;7/07/12
7771;3;249;8/07/12
7772;14;187;8/07/12
7773;20;177;9/07/12
7774;11;193;9/07/12
7775;13;299;13/07/12
7776;13;147;13/07/12
7777;2;264;15/07/12
7778;2;271;15/07/12
7779;6;285;16/07/12
7780;12;222;16/07/12
7781;12;160;17/07/12
7782;4;140;17/07/12
7783;4;298;19/07/12
7784;4;229;19/07/12
7785;2;116;19/07/12
7786;8;296;19/07/12
7787;1;252;19/07/12
7788;8;293;20/07/12
7789;13;117;21/07/12
7790;7;124;21/07/12
7791;18;142;22/07/12
7792;20;179;22/07/12
7793;4;216;23/07/12
7794;10;193;23/07/12
7795;9;120;23/07/12
7796;14;228;23/07/12
7797;9;309;27/07/12
7798;8;237;28/07/12
7799;16;100;28/07/12
7800;3;187;29/07/12
7801;1;191;2/08/12
7802;11;159;3/08/12
7803;20;223;3/08/12
7804;7;316;4/08/12
7805;4;220;4/08/12
7806;13;308;6/08/12
7807;11;306;6/08/12
7808;15;300;7/08/12
7809;1;100;7/08/12
7810;14;236;8/08/12
7811;11;171;8/08/12
7812;18;252;10/08/12
7813;12;227;10/08/12
7814;20;109;13/08/12
7815;13;242;13/08/12
7816;3;274;13/08/12
7817;18;184;16/08/12
7818;15;175;16/08/12
7819;1;215;17/08/12
7820;15;187;17/08/12
7821;15;233;17/08/12
7822;9;259;17/08/12
7823;2;108;18/08/12
7824;18;252;18/08/12
7825;4;308;18/08/12
7826;3;187;18/08/12
7827;3;150;19/08/12
7828;14;300;19/08/12
7829;12;163;19/08/12
7830;11;309;20/08/12
7831;2;134;20/08/12
7832;2;240;20/08/12
7833;17;123;20/08/12
7834;8;225;21/08/12
7835;10;241;21/08/12
7836;12;187;21/08/12
7837;13;124;21/08/12
7838;4;244;22/08/12
7839;6;118;24/08/12
7840;8;115;24/08/12
7841;11;220;25/08/12
7842;18;229;25/08/12
7843;14;107;26/08/12
7844;3;280;26/08/12
7845;14;202;26/08/12
7846;7;222;26/08/12
7847;5;196;27/08/12
7848;5;220;27/08/12
7849;14;220;29/08/12
7850;6;288;29/08/12
7851;3;314;30/08/12
7852;5;198;31/08/12
7853;11;194;31/08/12
7854;10;163;1/09/12
7855;16;276;1/09/12
7856;11;133;2/09/12
7857;5;186;2/09/12
7858;19;222;5/09/12
7859;2;304;5/09/12
7860;12;316;5/09/12
7861;19;189;5/09/12
7862;8;149;5/09/12
7863;8;317;7/09/12
7864;5;300;7/09/12
7865;17;158;9/09/12
7866;17;282;9/09/12
7867;17;261;15/09/12
7868;20;267;15/09/12
7869;15;119;16/09/12
7870;7;169;17/09/12
7871;15;262;17/09/12
7872;4;300;17/09/12
7873;2;120;17/09/12
7874;20;293;17/09/12
7875;20;191;18/09/12
7876;13;132;18/09/12
7877;3;115;18/09/12
7878;13;148;18/09/12
7879;11;301;19/09/12
7880;2;270;19/09/12
7881;10;124;19/09/12
7882;3;306;19/09/12
7883;2;157;19/09/12
7884;8;263;20/09/12
7885;18;210;20/09/12
7886;3;215;23/09/12
7887;6;301;23/09/12
7888;2;245;23/09/12
7889;19;139;24/09/12
7890;3;109;25/09/12
7891;5;166;25/09/12
7892;14;213;25/09/12
7893;2;134;25/09/12
7894;10;243;25/09/12
7895;16;119;25/09/12
7896;12;312;25/09/12
7897;6;319;25/09/12
7898;3;287;27/09/12
7899;10;222;27/09/12
7900;20;166;28/09/12
7901;10;299;28/09/12
7902;1;207;29/09/12
7903;7;173;30/09/12
7904;15;198;4/10/12
7905;8;241;4/10/12
7906;14;317;4/10/12
7907;2;112;4/10/12
7908;14;201;4/10/12
7909;20;176;4/10/12
7910;1;186;5/10/12
7911;16;245;7/10/12
7912;17;260;7/10/12
7913;5;140;7/10/12
7914;6;190;7/10/12
7915;12;233;7/10/12
7916;2;249;9/10/12
7917;16;131;9/10/12
7918;10;267;9/10/12
7919;15;181;9/10/12
7920;16;238;11/10/12
7921;20;113;11/10/12
7922;1;125;12/10/12
7923;5;168;12/10/12
7924;12;251;14/10/12
7925;10;189;14/10/12
7926;18;277;14/10/12
7927;1;306;14/10/12
7928;9;256;18/10/12
7929;17;268;18/10/12
7930;13;316;19/10/12
7931;17;255;19/10/12
7932;20;126;20/10/12
7933;20;100;20/10/12
7934;14;278;21/10/12
7935;11;187;21/10/12
7936;1;271;22/10/12
7937;4;200;22/10/12
7938;10;205;24/10/12
7939;14;177;24/10/12
7940;15;232;24/10/12
7941;3;317;24/10/12
7942;15;236;29/10/12
7943;13;121;29/10/12
7944;7;128;29/10/12
7945;9;308;29/10/12
7946;18;249;30/10/12
7947;14;227;30/10/12
7948;14;237;31/10/12
7949;18;307;31/10/12
7950;6;185;31/10/12
7951;19;130;1/11/12
7952;7;310;1/11/12
7953;11;313;1/11/12
7954;4;175;2/11/12
7955;9;103;2/11/12
7956;13;287;2/11/12
7957;13;200;2/11/12
7958;13;229;3/11/12
7959;11;318;5/11/12
7960;18;236;5/11/12
7961;7;276;6/11/12
7962;15;123;9/11/12
7963;8;257;9/11/12
7964;9;243;9/11/12
7965;16;239;9/11/12
7966;4;283;10/11/12
7967;8;318;10/11/12
7968;7;276;12/11/12
7969;12;207;12/11/12
7970;3;105;13/11/12
7971;18;108;15/11/12
7972;7;126;15/11/12
7973;12;183;15/11/12
7974;5;187;16/11/12
7975;1;309;16/11/12
7976;6;296;16/11/12
7977;12;160;17/11/12
7978;7;213;20/11/12
7979;7;269;20/11/12
7980;20;173;20/11/12
7981;12;309;20/11/12
7982;7;134;21/11/12
7983;13;248;21/11/12
7984;12;235;21/11/12
7985;17;258;21/11/12
7986;10;103;21/11/12
7987;15;130;21/11/12
7988;10;184;22/11/12
7989;1;131;22/11/12
7990;18;188;24/11/12
7991;9;303;24/11/12
7992;9;224;24/11/12
7993;16;174;24/11/12
7994;11;223;24/11/12
7995;4;218;24/11/12
7996;20;270;24/11/12
7997;8;191;24/11/12
7998;5;113;26/11/12
7999;1;230;28/11/12
8000;12;185;28/11/12
8001;1;319;29/11/12
8002;19;175;29/11/12
8003;11;182;29/11/12
8004;14;241;29/11/12
8005;15;101;29/11/12
8006;7;290;29/11/12
8007;16;192;30/11/12
8008;8;295;30/11/12
8009;5;225;30/11/12
8010;14;297;1/12/12
8011;16;305;1/12/12
8012;14;121;1/12/12
8013;18;230;1/12/12
8014;20;100;6/12/12
8015;1;302;7/12/12
8016;14;177;7/12/12
8017;3;148;9/12/12
8018;6;126;11/12/12
8019;20;263;11/12/12
8020;16;317;11/12/12
8021;13;182;11/12/12
8022;1;219;12/12/12
8023;19;192;13/12/12
8024;11;272;13/12/12
8025;13;102;14/12/12
8026;20;234;16/12/12
8027;15;115;16/12/12
8028;18;161;19/12/12
8029;7;164;19/12/12
8030;19;158;21/12/12
8031;3;266;21/12/12
8032;15;196;21/12/12
8033;14;239;22/12/12
8034;18;128;22/12/12
8035;16;118;22/12/12
8036;13;202;22/12/12
8037;10;199;22/12/12
8038;19;250;22/12/12
8039;8;265;22/12/12
8040;8;241;22/12/12
8041;14;194;25/12/12
8042;16;112;25/12/12
8043;13;295;28/12/12
8044;9;237;30/12/12
8045;2;132;30/12/12
8046;19;282;31/12/12
8047;5;188;31/12/12
