OrderID;EmployeeID;CustomerID;Date
6175;12;144;1/01/10
6176;17;288;1/01/10
6177;2;176;2/01/10
6178;17;245;2/01/10
6179;3;271;3/01/10
6180;3;133;3/01/10
6181;5;199;3/01/10
6182;6;125;4/01/10
6183;19;120;4/01/10
6184;12;113;5/01/10
6185;2;137;5/01/10
6186;16;138;6/01/10
6187;11;254;6/01/10
6188;12;222;7/01/10
6189;2;281;11/01/10
6190;5;167;11/01/10
6191;18;288;11/01/10
6192;18;198;11/01/10
6193;18;113;12/01/10
6194;17;206;12/01/10
6195;3;252;12/01/10
6196;18;266;12/01/10
6197;19;185;12/01/10
6198;1;134;12/01/10
6199;8;250;14/01/10
6200;15;247;14/01/10
6201;15;153;14/01/10
6202;12;233;14/01/10
6203;13;267;17/01/10
6204;19;188;18/01/10
6205;14;166;18/01/10
6206;20;271;18/01/10
6207;10;132;18/01/10
6208;12;116;18/01/10
6209;17;137;18/01/10
6210;18;295;19/01/10
6211;19;186;19/01/10
6212;19;248;20/01/10
6213;4;224;20/01/10
6214;7;243;22/01/10
6215;4;135;24/01/10
6216;2;178;25/01/10
6217;16;109;25/01/10
6218;20;136;26/01/10
6219;13;115;26/01/10
6220;1;126;26/01/10
6221;15;178;26/01/10
6222;17;277;28/01/10
6223;20;249;28/01/10
6224;12;196;29/01/10
6225;1;319;29/01/10
6226;11;159;29/01/10
6227;19;211;31/01/10
6228;10;198;31/01/10
6229;10;191;1/02/10
6230;9;184;1/02/10
6231;6;210;2/02/10
6232;12;314;3/02/10
6233;17;254;3/02/10
6234;19;256;4/02/10
6235;16;297;4/02/10
6236;8;282;6/02/10
6237;4;254;6/02/10
6238;14;305;6/02/10
6239;19;158;6/02/10
6240;4;193;6/02/10
6241;2;203;6/02/10
6242;8;227;7/02/10
6243;9;123;7/02/10
6244;18;209;7/02/10
6245;3;269;7/02/10
6246;5;307;9/02/10
6247;10;169;9/02/10
6248;16;241;9/02/10
6249;9;139;9/02/10
6250;3;272;10/02/10
6251;12;148;10/02/10
6252;12;112;10/02/10
6253;1;159;10/02/10
6254;2;131;11/02/10
6255;2;233;11/02/10
6256;12;213;13/02/10
6257;12;280;13/02/10
6258;4;160;13/02/10
6259;5;247;14/02/10
6260;20;111;14/02/10
6261;2;310;14/02/10
6262;14;208;15/02/10
6263;4;241;15/02/10
6264;5;255;15/02/10
6265;4;115;16/02/10
6266;7;174;17/02/10
6267;17;122;17/02/10
6268;6;171;17/02/10
6269;18;206;17/02/10
6270;3;131;18/02/10
6271;16;271;18/02/10
6272;13;223;19/02/10
6273;6;179;19/02/10
6274;6;184;19/02/10
6275;15;303;19/02/10
6276;5;307;20/02/10
6277;15;213;20/02/10
6278;18;183;20/02/10
6279;7;197;20/02/10
6280;4;169;21/02/10
6281;18;150;21/02/10
6282;15;233;21/02/10
6283;19;140;22/02/10
6284;10;281;22/02/10
6285;4;175;23/02/10
6286;16;311;23/02/10
6287;10;156;24/02/10
6288;6;158;25/02/10
6289;3;184;25/02/10
6290;4;127;25/02/10
6291;7;239;25/02/10
6292;3;147;26/02/10
6293;11;303;26/02/10
6294;2;229;1/03/10
6295;6;219;1/03/10
6296;10;123;1/03/10
6297;5;230;1/03/10
6298;10;202;2/03/10
6299;13;155;2/03/10
6300;17;197;3/03/10
6301;16;187;3/03/10
6302;3;242;3/03/10
6303;15;241;3/03/10
6304;14;229;3/03/10
6305;14;262;4/03/10
6306;5;113;4/03/10
6307;7;114;5/03/10
6308;9;233;5/03/10
6309;17;154;6/03/10
6310;11;247;6/03/10
6311;1;312;6/03/10
6312;11;247;6/03/10
6313;10;113;6/03/10
6314;16;190;7/03/10
6315;10;267;7/03/10
6316;5;305;8/03/10
6317;13;166;8/03/10
6318;15;118;8/03/10
6319;5;194;8/03/10
6320;20;294;8/03/10
6321;4;101;8/03/10
6322;14;305;9/03/10
6323;7;270;9/03/10
6324;13;255;9/03/10
6325;2;114;9/03/10
6326;15;167;9/03/10
6327;7;151;9/03/10
6328;1;168;10/03/10
6329;18;272;11/03/10
6330;1;169;12/03/10
6331;7;103;12/03/10
6332;13;118;13/03/10
6333;1;119;13/03/10
6334;1;135;13/03/10
6335;9;272;14/03/10
6336;4;251;17/03/10
6337;3;135;17/03/10
6338;1;309;18/03/10
6339;9;279;18/03/10
6340;10;120;18/03/10
6341;15;279;19/03/10
6342;3;175;21/03/10
6343;7;282;21/03/10
6344;7;257;22/03/10
6345;9;283;22/03/10
6346;9;134;22/03/10
6347;18;124;23/03/10
6348;16;185;23/03/10
6349;13;176;23/03/10
6350;1;234;23/03/10
6351;14;236;23/03/10
6352;1;224;24/03/10
6353;12;318;24/03/10
6354;14;287;24/03/10
6355;20;255;24/03/10
6356;14;203;26/03/10
6357;12;152;26/03/10
6358;13;133;26/03/10
6359;20;287;26/03/10
6360;2;208;26/03/10
6361;1;166;26/03/10
6362;11;131;27/03/10
6363;17;259;27/03/10
6364;11;162;30/03/10
6365;4;120;30/03/10
6366;3;267;31/03/10
6367;4;179;31/03/10
6368;12;216;1/04/10
6369;19;216;1/04/10
6370;9;190;5/04/10
6371;4;103;5/04/10
6372;9;230;5/04/10
6373;5;307;6/04/10
6374;6;256;7/04/10
6375;12;169;8/04/10
6376;7;260;8/04/10
6377;12;214;8/04/10
6378;19;108;8/04/10
6379;10;308;8/04/10
6380;18;229;10/04/10
6381;8;288;12/04/10
6382;7;221;12/04/10
6383;15;227;13/04/10
6384;7;218;13/04/10
6385;8;198;14/04/10
6386;5;112;16/04/10
6387;9;262;16/04/10
6388;11;139;17/04/10
6389;13;271;18/04/10
6390;18;125;18/04/10
6391;13;273;19/04/10
6392;3;286;19/04/10
6393;19;229;20/04/10
6394;20;165;20/04/10
6395;4;310;21/04/10
6396;1;278;21/04/10
6397;9;225;22/04/10
6398;1;281;22/04/10
6399;8;289;22/04/10
6400;3;178;22/04/10
6401;6;164;24/04/10
6402;15;309;24/04/10
6403;20;113;25/04/10
6404;15;318;25/04/10
6405;15;142;27/04/10
6406;18;268;28/04/10
6407;11;137;28/04/10
6408;12;229;28/04/10
6409;11;251;28/04/10
6410;8;153;1/05/10
6411;6;182;1/05/10
6412;17;277;1/05/10
6413;3;273;1/05/10
6414;18;301;2/05/10
6415;2;122;2/05/10
6416;10;234;3/05/10
6417;6;126;4/05/10
6418;3;281;4/05/10
6419;9;269;4/05/10
6420;9;213;4/05/10
6421;3;222;4/05/10
6422;7;187;4/05/10
6423;8;119;4/05/10
6424;4;296;4/05/10
6425;19;181;5/05/10
6426;1;184;7/05/10
6427;14;289;7/05/10
6428;6;284;8/05/10
6429;5;113;8/05/10
6430;16;297;8/05/10
6431;19;248;9/05/10
6432;18;144;9/05/10
6433;18;131;9/05/10
6434;15;217;9/05/10
6435;11;204;10/05/10
6436;3;305;10/05/10
6437;2;141;12/05/10
6438;1;147;14/05/10
6439;11;259;14/05/10
6440;20;265;15/05/10
6441;13;288;15/05/10
6442;20;318;16/05/10
6443;1;115;17/05/10
6444;14;154;17/05/10
6445;16;291;18/05/10
6446;5;274;18/05/10
6447;4;126;18/05/10
6448;14;254;20/05/10
6449;13;246;20/05/10
6450;9;247;21/05/10
6451;10;184;22/05/10
6452;1;311;22/05/10
6453;1;194;22/05/10
6454;3;135;23/05/10
6455;11;129;24/05/10
6456;19;185;24/05/10
6457;7;105;24/05/10
6458;13;145;24/05/10
6459;9;286;25/05/10
6460;20;111;25/05/10
6461;8;199;26/05/10
6462;8;165;26/05/10
6463;17;112;26/05/10
6464;20;271;27/05/10
6465;7;307;27/05/10
6466;15;162;28/05/10
6467;14;138;28/05/10
6468;7;276;28/05/10
6469;14;174;28/05/10
6470;18;121;29/05/10
6471;10;191;29/05/10
6472;11;112;31/05/10
6473;2;234;31/05/10
6474;2;104;31/05/10
6475;2;219;1/06/10
6476;9;243;1/06/10
6477;20;267;2/06/10
6478;1;261;2/06/10
6479;14;102;2/06/10
6480;12;279;2/06/10
6481;2;200;2/06/10
6482;3;122;3/06/10
6483;14;156;3/06/10
6484;11;114;3/06/10
6485;3;264;3/06/10
6486;17;101;5/06/10
6487;8;186;7/06/10
6488;20;237;7/06/10
6489;13;230;10/06/10
6490;20;156;10/06/10
6491;1;250;11/06/10
6492;3;264;11/06/10
6493;8;212;11/06/10
6494;19;165;14/06/10
6495;9;109;14/06/10
6496;5;216;16/06/10
6497;18;160;16/06/10
6498;18;200;17/06/10
6499;9;166;17/06/10
6500;16;236;17/06/10
6501;9;196;17/06/10
6502;13;294;19/06/10
6503;18;206;19/06/10
6504;5;265;20/06/10
6505;9;107;20/06/10
6506;19;273;22/06/10
6507;8;125;22/06/10
6508;2;142;22/06/10
6509;10;288;22/06/10
6510;18;220;24/06/10
6511;12;251;27/06/10
6512;14;251;27/06/10
6513;12;307;29/06/10
6514;9;280;29/06/10
6515;5;315;30/06/10
6516;14;150;30/06/10
6517;12;233;1/07/10
6518;7;177;1/07/10
6519;18;140;4/07/10
6520;5;287;4/07/10
6521;13;141;4/07/10
6522;8;234;4/07/10
6523;8;279;4/07/10
6524;4;172;4/07/10
6525;18;279;10/07/10
6526;11;318;10/07/10
6527;7;145;10/07/10
6528;2;250;10/07/10
6529;11;244;12/07/10
6530;2;311;12/07/10
6531;14;117;13/07/10
6532;14;218;13/07/10
6533;2;213;14/07/10
6534;17;217;14/07/10
6535;17;183;14/07/10
6536;4;208;14/07/10
6537;2;217;14/07/10
6538;18;212;14/07/10
6539;15;235;14/07/10
6540;7;111;14/07/10
6541;3;290;14/07/10
6542;4;233;15/07/10
6543;6;203;15/07/10
6544;16;185;15/07/10
6545;8;178;15/07/10
6546;9;283;17/07/10
6547;13;250;18/07/10
6548;13;255;19/07/10
6549;13;268;23/07/10
6550;20;291;23/07/10
6551;4;289;23/07/10
6552;2;194;23/07/10
6553;3;140;24/07/10
6554;16;202;24/07/10
6555;18;130;24/07/10
6556;13;170;24/07/10
6557;17;312;25/07/10
6558;13;304;26/07/10
6559;4;231;26/07/10
6560;5;206;29/07/10
6561;9;178;29/07/10
6562;16;103;30/07/10
6563;7;241;30/07/10
6564;20;253;1/08/10
6565;5;253;1/08/10
6566;1;302;1/08/10
6567;6;120;2/08/10
6568;4;295;2/08/10
6569;14;174;2/08/10
6570;6;195;2/08/10
6571;13;265;4/08/10
6572;10;309;4/08/10
6573;10;317;4/08/10
6574;10;215;4/08/10
6575;6;106;5/08/10
6576;19;112;7/08/10
6577;18;243;7/08/10
6578;11;115;8/08/10
6579;10;157;8/08/10
6580;16;161;8/08/10
6581;13;213;8/08/10
6582;18;293;10/08/10
6583;14;138;10/08/10
6584;11;121;13/08/10
6585;1;130;16/08/10
6586;11;118;16/08/10
6587;19;284;16/08/10
6588;2;225;17/08/10
6589;14;292;17/08/10
6590;1;138;17/08/10
6591;13;260;17/08/10
6592;17;120;17/08/10
6593;10;248;18/08/10
6594;19;193;19/08/10
6595;13;149;21/08/10
6596;3;201;21/08/10
6597;9;272;23/08/10
6598;19;310;23/08/10
6599;3;148;24/08/10
6600;2;246;24/08/10
6601;1;265;24/08/10
6602;15;307;25/08/10
6603;7;188;25/08/10
6604;4;300;25/08/10
6605;14;195;26/08/10
6606;4;254;26/08/10
6607;14;311;26/08/10
6608;5;117;26/08/10
6609;20;210;27/08/10
6610;5;176;27/08/10
6611;16;158;28/08/10
6612;17;280;28/08/10
6613;12;316;28/08/10
6614;17;247;28/08/10
6615;12;188;28/08/10
6616;13;156;28/08/10
6617;1;223;29/08/10
6618;4;157;29/08/10
6619;5;194;29/08/10
6620;19;300;29/08/10
6621;3;212;31/08/10
6622;15;261;31/08/10
6623;8;272;31/08/10
6624;20;182;1/09/10
6625;18;225;1/09/10
6626;6;211;1/09/10
6627;12;204;2/09/10
6628;18;308;2/09/10
6629;7;101;2/09/10
6630;1;319;2/09/10
6631;7;204;3/09/10
6632;11;119;3/09/10
6633;8;306;3/09/10
6634;15;283;3/09/10
6635;10;213;5/09/10
6636;13;276;5/09/10
6637;14;214;5/09/10
6638;7;262;5/09/10
6639;14;275;6/09/10
6640;16;206;6/09/10
6641;4;236;7/09/10
6642;17;266;9/09/10
6643;9;213;11/09/10
6644;19;159;11/09/10
6645;17;309;11/09/10
6646;19;152;11/09/10
6647;9;163;11/09/10
6648;16;142;12/09/10
6649;2;277;13/09/10
6650;14;125;13/09/10
6651;19;169;13/09/10
6652;3;234;13/09/10
6653;16;221;14/09/10
6654;7;141;14/09/10
6655;15;148;14/09/10
6656;19;294;15/09/10
6657;6;148;15/09/10
6658;10;263;16/09/10
6659;18;250;16/09/10
6660;12;147;18/09/10
6661;19;269;18/09/10
6662;3;122;20/09/10
6663;11;137;20/09/10
6664;10;309;20/09/10
6665;15;107;20/09/10
6666;20;117;20/09/10
6667;4;253;20/09/10
6668;12;135;24/09/10
6669;4;221;24/09/10
6670;20;292;28/09/10
6671;4;131;28/09/10
6672;19;252;28/09/10
6673;8;248;1/10/10
6674;3;317;1/10/10
6675;11;208;2/10/10
6676;10;197;2/10/10
6677;16;198;3/10/10
6678;3;206;3/10/10
6679;9;155;3/10/10
6680;1;207;3/10/10
6681;7;137;5/10/10
6682;6;194;5/10/10
6683;14;316;5/10/10
6684;4;205;5/10/10
6685;12;202;6/10/10
6686;9;255;6/10/10
6687;15;219;8/10/10
6688;1;144;8/10/10
6689;15;275;9/10/10
6690;10;224;9/10/10
6691;2;114;11/10/10
6692;10;134;11/10/10
6693;3;223;11/10/10
6694;17;313;11/10/10
6695;13;212;12/10/10
6696;10;107;12/10/10
6697;18;187;12/10/10
6698;12;112;12/10/10
6699;18;291;12/10/10
6700;15;228;12/10/10
6701;6;265;12/10/10
6702;7;175;12/10/10
6703;14;165;13/10/10
6704;5;277;13/10/10
6705;16;124;14/10/10
6706;5;186;14/10/10
6707;8;308;14/10/10
6708;12;257;15/10/10
6709;7;188;15/10/10
6710;8;149;16/10/10
6711;20;149;16/10/10
6712;10;156;17/10/10
6713;14;220;19/10/10
6714;10;170;19/10/10
6715;3;268;19/10/10
6716;11;248;19/10/10
6717;13;224;21/10/10
6718;15;192;22/10/10
6719;13;263;22/10/10
6720;11;169;23/10/10
6721;15;102;23/10/10
6722;4;168;23/10/10
6723;11;156;23/10/10
6724;1;319;24/10/10
6725;20;246;25/10/10
6726;2;277;29/10/10
6727;16;313;29/10/10
6728;20;129;29/10/10
6729;14;256;29/10/10
6730;4;288;29/10/10
6731;8;183;30/10/10
6732;4;145;30/10/10
6733;11;164;3/11/10
6734;15;281;3/11/10
6735;12;125;4/11/10
6736;11;246;4/11/10
6737;13;228;4/11/10
6738;5;212;4/11/10
6739;3;313;4/11/10
6740;5;107;4/11/10
6741;20;211;6/11/10
6742;13;201;6/11/10
6743;6;184;7/11/10
6744;18;291;7/11/10
6745;6;165;7/11/10
6746;10;292;7/11/10
6747;10;198;8/11/10
6748;18;125;8/11/10
6749;16;306;8/11/10
6750;1;307;10/11/10
6751;4;206;10/11/10
6752;19;257;12/11/10
6753;15;130;12/11/10
6754;8;193;12/11/10
6755;7;270;12/11/10
6756;2;278;13/11/10
6757;13;241;13/11/10
6758;6;208;13/11/10
6759;1;258;13/11/10
6760;15;303;14/11/10
6761;9;291;14/11/10
6762;4;158;14/11/10
6763;18;224;14/11/10
6764;2;149;15/11/10
6765;5;147;15/11/10
6766;12;149;16/11/10
6767;10;218;16/11/10
6768;14;115;16/11/10
6769;2;298;16/11/10
6770;11;156;16/11/10
6771;16;132;17/11/10
6772;10;225;19/11/10
6773;19;146;19/11/10
6774;5;166;20/11/10
6775;13;105;21/11/10
6776;4;294;21/11/10
6777;10;103;22/11/10
6778;1;183;22/11/10
6779;10;242;22/11/10
6780;12;296;22/11/10
6781;6;284;23/11/10
6782;1;222;23/11/10
6783;5;124;25/11/10
6784;5;225;25/11/10
6785;20;309;27/11/10
6786;9;285;27/11/10
6787;4;134;27/11/10
6788;3;317;28/11/10
6789;16;122;28/11/10
6790;4;213;29/11/10
6791;18;225;29/11/10
6792;18;309;30/11/10
6793;6;215;30/11/10
6794;15;273;30/11/10
6795;6;192;30/11/10
6796;15;247;30/11/10
6797;11;202;30/11/10
6798;10;294;1/12/10
6799;16;179;1/12/10
6800;14;292;2/12/10
6801;9;262;2/12/10
6802;16;149;3/12/10
6803;8;235;3/12/10
6804;10;172;4/12/10
6805;16;175;4/12/10
6806;16;288;4/12/10
6807;2;147;4/12/10
6808;5;304;6/12/10
6809;17;181;7/12/10
6810;6;234;7/12/10
6811;8;177;7/12/10
6812;8;190;7/12/10
6813;1;197;8/12/10
6814;4;288;9/12/10
6815;18;144;9/12/10
6816;9;314;9/12/10
6817;12;262;9/12/10
6818;9;242;10/12/10
6819;18;250;10/12/10
6820;4;199;10/12/10
6821;4;115;10/12/10
6822;17;180;10/12/10
6823;13;135;10/12/10
6824;18;188;10/12/10
6825;10;128;10/12/10
6826;13;222;10/12/10
6827;7;167;14/12/10
6828;4;246;14/12/10
6829;20;217;19/12/10
6830;3;230;20/12/10
6831;19;156;20/12/10
6832;6;255;21/12/10
6833;5;253;21/12/10
6834;14;149;21/12/10
6835;20;146;21/12/10
6836;17;211;22/12/10
6837;5;292;24/12/10
6838;5;278;24/12/10
6839;6;119;24/12/10
6840;6;255;24/12/10
6841;16;101;25/12/10
6842;13;296;25/12/10
6843;10;295;27/12/10
6844;11;113;27/12/10
6845;2;161;27/12/10
6846;5;235;27/12/10
6847;7;312;30/12/10
6848;19;101;30/12/10
6849;1;257;31/12/10
6850;20;298;31/12/10
6851;11;271;31/12/10
6852;16;219;31/12/10
