OrderID;EmployeeID;CustomerID;Date
9315;2;185;1/01/15
9316;20;183;2/01/15
9317;6;188;2/01/15
9318;20;136;3/01/15
9319;5;269;3/01/15
9320;10;235;3/01/15
9321;5;289;3/01/15
9322;2;297;5/01/15
9323;20;185;6/01/15
9324;1;187;6/01/15
9325;12;291;6/01/15
9326;4;303;7/01/15
9327;11;186;7/01/15
9328;8;101;9/01/15
9329;19;160;9/01/15
9330;3;217;9/01/15
9331;9;160;9/01/15
9332;9;198;9/01/15
9333;5;255;9/01/15
9334;17;298;10/01/15
9335;10;220;11/01/15
9336;15;240;11/01/15
9337;7;190;11/01/15
9338;8;264;12/01/15
9339;6;184;12/01/15
9340;9;194;13/01/15
9341;17;244;13/01/15
9342;9;306;14/01/15
9343;9;118;14/01/15
9344;20;167;14/01/15
9345;19;241;14/01/15
9346;14;266;14/01/15
9347;20;100;16/01/15
9348;9;110;16/01/15
9349;17;146;17/01/15
9350;11;116;17/01/15
9351;12;273;17/01/15
9352;6;135;17/01/15
9353;14;128;19/01/15
9354;3;318;19/01/15
9355;1;285;19/01/15
9356;3;308;22/01/15
9357;19;104;23/01/15
9358;13;135;23/01/15
9359;14;194;25/01/15
9360;9;172;25/01/15
9361;14;292;25/01/15
9362;10;208;27/01/15
9363;6;271;31/01/15
9364;6;210;31/01/15
9365;14;295;2/02/15
9366;2;241;2/02/15
9367;18;180;3/02/15
9368;7;247;4/02/15
9369;4;264;4/02/15
9370;2;159;4/02/15
9371;9;303;4/02/15
9372;19;190;4/02/15
9373;3;267;5/02/15
9374;7;188;5/02/15
9375;3;243;5/02/15
9376;20;282;5/02/15
9377;18;152;6/02/15
9378;14;172;6/02/15
9379;18;226;7/02/15
9380;20;211;7/02/15
9381;5;319;8/02/15
9382;8;238;8/02/15
9383;14;244;9/02/15
9384;3;193;9/02/15
9385;14;244;12/02/15
9386;14;242;12/02/15
9387;19;268;13/02/15
9388;2;283;14/02/15
9389;9;256;16/02/15
9390;8;170;17/02/15
9391;11;168;20/02/15
9392;5;158;20/02/15
9393;14;285;20/02/15
9394;7;162;21/02/15
9395;11;271;21/02/15
9396;5;201;21/02/15
9397;1;177;22/02/15
9398;2;276;22/02/15
9399;12;238;23/02/15
9400;19;314;23/02/15
9401;17;298;23/02/15
9402;1;149;23/02/15
9403;2;164;24/02/15
9404;4;181;24/02/15
9405;17;264;24/02/15
9406;4;113;24/02/15
9407;5;174;26/02/15
9408;20;276;26/02/15
9409;4;233;27/02/15
9410;15;107;27/02/15
9411;10;174;27/02/15
9412;16;269;28/02/15
9413;1;235;28/02/15
9414;15;134;28/02/15
9415;1;251;28/02/15
9416;11;309;1/03/15
9417;5;244;2/03/15
9418;12;123;2/03/15
9419;14;226;3/03/15
9420;20;211;3/03/15
9421;1;307;5/03/15
9422;8;174;5/03/15
9423;16;279;5/03/15
9424;17;195;7/03/15
9425;7;168;7/03/15
9426;15;229;8/03/15
9427;16;243;8/03/15
9428;3;113;8/03/15
9429;18;316;8/03/15
9430;10;270;9/03/15
9431;12;168;9/03/15
9432;7;289;9/03/15
9433;18;319;9/03/15
9434;10;162;9/03/15
9435;18;152;9/03/15
9436;19;206;10/03/15
9437;11;143;10/03/15
9438;13;107;10/03/15
9439;19;119;10/03/15
9440;4;109;11/03/15
9441;1;244;11/03/15
9442;16;265;11/03/15
9443;9;206;11/03/15
9444;11;244;12/03/15
9445;20;255;12/03/15
9446;6;290;13/03/15
9447;13;135;14/03/15
9448;13;113;15/03/15
9449;16;169;15/03/15
9450;4;196;16/03/15
9451;2;199;16/03/15
9452;17;137;16/03/15
9453;5;149;16/03/15
9454;2;275;16/03/15
9455;2;285;17/03/15
9456;4;239;17/03/15
9457;19;145;18/03/15
9458;5;101;18/03/15
9459;15;195;18/03/15
9460;18;262;18/03/15
9461;12;174;19/03/15
9462;6;148;19/03/15
9463;16;259;21/03/15
9464;18;300;21/03/15
9465;16;304;21/03/15
9466;16;112;22/03/15
9467;15;129;24/03/15
9468;3;203;26/03/15
9469;9;249;26/03/15
9470;7;316;26/03/15
9471;3;114;28/03/15
9472;7;126;28/03/15
9473;6;274;28/03/15
9474;13;195;28/03/15
9475;10;312;28/03/15
9476;18;132;1/04/15
9477;1;306;1/04/15
9478;17;202;1/04/15
9479;4;189;1/04/15
9480;9;148;1/04/15
9481;2;294;1/04/15
9482;16;302;6/04/15
9483;15;134;6/04/15
9484;18;286;7/04/15
9485;17;262;7/04/15
9486;15;161;7/04/15
9487;8;126;7/04/15
9488;11;238;7/04/15
9489;10;203;9/04/15
9490;17;286;9/04/15
9491;20;315;10/04/15
9492;17;212;11/04/15
9493;5;197;11/04/15
9494;15;313;14/04/15
9495;8;312;14/04/15
9496;11;163;15/04/15
9497;9;189;15/04/15
9498;8;168;16/04/15
9499;4;247;16/04/15
9500;18;242;17/04/15
9501;5;261;17/04/15
9502;15;226;17/04/15
9503;4;172;18/04/15
9504;17;184;18/04/15
9505;7;235;19/04/15
9506;11;239;19/04/15
9507;8;156;19/04/15
9508;10;315;19/04/15
9509;16;168;20/04/15
9510;6;294;23/04/15
9511;17;114;23/04/15
9512;1;175;23/04/15
9513;6;315;23/04/15
9514;8;262;24/04/15
9515;6;124;24/04/15
9516;15;143;24/04/15
9517;14;179;24/04/15
9518;16;139;25/04/15
9519;8;178;25/04/15
9520;12;183;25/04/15
9521;12;215;25/04/15
9522;5;214;25/04/15
9523;13;241;26/04/15
9524;5;299;27/04/15
9525;13;245;27/04/15
9526;3;222;27/04/15
9527;2;272;27/04/15
9528;3;173;27/04/15
9529;15;252;29/04/15
9530;1;273;29/04/15
9531;12;305;29/04/15
9532;16;242;29/04/15
9533;13;222;30/04/15
9534;10;270;30/04/15
9535;8;200;30/04/15
9536;18;240;2/05/15
9537;13;209;2/05/15
9538;16;266;2/05/15
9539;11;275;3/05/15
9540;3;213;3/05/15
9541;5;290;4/05/15
9542;2;162;4/05/15
9543;1;200;6/05/15
9544;10;178;6/05/15
9545;4;276;6/05/15
9546;2;202;6/05/15
9547;7;215;6/05/15
9548;6;172;6/05/15
9549;14;236;7/05/15
9550;6;215;7/05/15
9551;20;304;8/05/15
9552;20;193;8/05/15
9553;10;192;10/05/15
9554;8;173;10/05/15
9555;10;142;11/05/15
9556;7;274;11/05/15
9557;15;218;11/05/15
9558;11;183;11/05/15
9559;16;225;13/05/15
9560;6;255;13/05/15
9561;15;257;15/05/15
9562;5;239;15/05/15
9563;15;116;16/05/15
9564;10;239;16/05/15
9565;13;122;16/05/15
9566;8;145;17/05/15
9567;3;144;18/05/15
9568;4;194;18/05/15
9569;10;247;18/05/15
9570;13;199;18/05/15
9571;1;153;18/05/15
9572;13;162;19/05/15
9573;7;203;19/05/15
9574;2;293;20/05/15
9575;4;118;21/05/15
9576;10;163;21/05/15
9577;5;162;22/05/15
9578;8;115;22/05/15
9579;8;285;23/05/15
9580;4;318;23/05/15
9581;2;152;23/05/15
9582;8;181;23/05/15
9583;16;275;26/05/15
9584;4;185;27/05/15
9585;1;234;27/05/15
9586;12;300;27/05/15
9587;19;283;29/05/15
9588;13;269;29/05/15
9589;16;282;29/05/15
9590;5;316;30/05/15
9591;13;263;30/05/15
9592;6;218;31/05/15
9593;10;184;31/05/15
9594;15;208;3/06/15
9595;15;141;3/06/15
9596;19;132;3/06/15
9597;12;282;3/06/15
9598;13;311;7/06/15
9599;8;212;8/06/15
9600;13;133;8/06/15
9601;9;158;9/06/15
9602;13;206;9/06/15
9603;20;201;9/06/15
9604;17;128;9/06/15
9605;11;281;9/06/15
9606;1;318;9/06/15
9607;11;237;10/06/15
9608;13;317;10/06/15
9609;17;206;10/06/15
9610;14;147;10/06/15
9611;4;247;12/06/15
9612;2;112;12/06/15
9613;6;266;12/06/15
9614;13;180;13/06/15
9615;8;235;13/06/15
9616;3;290;13/06/15
9617;2;181;13/06/15
9618;12;120;13/06/15
9619;6;157;13/06/15
9620;5;267;15/06/15
9621;12;280;16/06/15
9622;9;195;16/06/15
9623;20;279;16/06/15
9624;4;101;16/06/15
9625;4;318;16/06/15
9626;15;173;17/06/15
9627;17;300;17/06/15
9628;2;317;17/06/15
9629;6;294;17/06/15
9630;17;188;18/06/15
9631;13;105;19/06/15
9632;10;311;19/06/15
9633;11;176;19/06/15
9634;6;187;19/06/15
9635;4;196;20/06/15
9636;7;239;20/06/15
9637;14;201;21/06/15
9638;4;281;21/06/15
9639;12;269;22/06/15
9640;2;123;22/06/15
9641;1;118;23/06/15
9642;3;242;23/06/15
9643;6;290;24/06/15
9644;3;185;24/06/15
9645;17;254;25/06/15
9646;3;190;25/06/15
9647;13;287;27/06/15
9648;18;193;27/06/15
9649;1;259;28/06/15
9650;20;218;29/06/15
9651;12;160;29/06/15
9652;13;115;29/06/15
9653;12;109;29/06/15
9654;6;127;1/07/15
9655;16;175;2/07/15
9656;7;152;2/07/15
9657;2;122;2/07/15
9658;12;217;4/07/15
9659;1;210;4/07/15
9660;5;158;4/07/15
9661;1;305;5/07/15
9662;16;281;5/07/15
9663;17;184;5/07/15
9664;14;306;5/07/15
9665;3;315;5/07/15
9666;5;175;5/07/15
9667;4;134;6/07/15
9668;17;316;7/07/15
9669;17;211;7/07/15
9670;15;243;7/07/15
9671;7;210;7/07/15
9672;4;193;7/07/15
9673;3;286;7/07/15
9674;3;181;8/07/15
9675;15;171;8/07/15
9676;7;267;8/07/15
9677;7;238;8/07/15
9678;7;162;8/07/15
9679;12;265;8/07/15
9680;7;209;9/07/15
9681;13;149;9/07/15
9682;9;276;11/07/15
9683;16;279;11/07/15
9684;19;294;12/07/15
9685;8;196;13/07/15
9686;16;233;14/07/15
9687;10;205;14/07/15
9688;20;203;14/07/15
9689;7;197;14/07/15
9690;15;139;16/07/15
9691;17;210;16/07/15
9692;1;245;16/07/15
9693;17;296;16/07/15
9694;13;181;16/07/15
9695;18;197;18/07/15
9696;6;116;18/07/15
9697;3;161;18/07/15
9698;4;177;18/07/15
9699;13;262;18/07/15
9700;16;138;18/07/15
9701;17;122;19/07/15
9702;6;266;19/07/15
9703;19;204;19/07/15
9704;2;304;19/07/15
9705;11;275;19/07/15
9706;14;224;19/07/15
9707;15;197;19/07/15
9708;19;245;20/07/15
9709;20;234;20/07/15
9710;6;259;22/07/15
9711;6;296;22/07/15
9712;5;100;22/07/15
9713;15;234;22/07/15
9714;16;154;22/07/15
9715;14;237;23/07/15
9716;20;305;23/07/15
9717;4;142;28/07/15
9718;2;175;28/07/15
9719;11;300;28/07/15
9720;17;115;30/07/15
9721;3;156;30/07/15
9722;3;233;30/07/15
9723;1;318;31/07/15
9724;4;155;31/07/15
9725;15;315;1/08/15
9726;13;223;1/08/15
9727;10;143;1/08/15
9728;6;289;1/08/15
9729;5;175;4/08/15
9730;13;193;4/08/15
9731;16;278;4/08/15
9732;7;133;4/08/15
9733;16;307;5/08/15
9734;1;270;5/08/15
9735;2;276;5/08/15
9736;10;258;5/08/15
9737;18;105;7/08/15
9738;2;109;7/08/15
9739;18;219;7/08/15
9740;3;281;7/08/15
9741;5;192;9/08/15
9742;15;274;9/08/15
9743;8;225;11/08/15
9744;1;110;11/08/15
9745;20;208;12/08/15
9746;18;111;12/08/15
9747;8;173;13/08/15
9748;12;100;13/08/15
9749;5;170;16/08/15
9750;10;158;16/08/15
9751;18;158;17/08/15
9752;5;254;17/08/15
9753;20;138;17/08/15
9754;12;283;17/08/15
9755;12;102;17/08/15
9756;14;218;18/08/15
9757;17;227;19/08/15
9758;6;193;19/08/15
9759;6;198;20/08/15
9760;7;314;21/08/15
9761;4;250;21/08/15
9762;16;166;23/08/15
9763;20;257;23/08/15
9764;19;107;24/08/15
9765;18;163;24/08/15
9766;14;308;25/08/15
9767;5;287;25/08/15
9768;4;200;26/08/15
9769;3;246;28/08/15
9770;7;151;28/08/15
9771;20;243;29/08/15
9772;5;173;29/08/15
9773;10;201;30/08/15
9774;12;236;30/08/15
9775;4;235;31/08/15
9776;11;238;31/08/15
9777;3;113;1/09/15
9778;2;283;3/09/15
9779;8;282;3/09/15
9780;7;240;3/09/15
9781;8;314;3/09/15
9782;15;272;4/09/15
9783;3;313;4/09/15
9784;7;305;5/09/15
9785;3;295;5/09/15
9786;14;204;6/09/15
9787;14;166;6/09/15
9788;19;306;7/09/15
9789;8;156;7/09/15
9790;13;218;8/09/15
9791;9;198;8/09/15
9792;20;151;9/09/15
9793;20;220;9/09/15
9794;6;303;9/09/15
9795;9;285;9/09/15
9796;6;170;10/09/15
9797;6;227;10/09/15
9798;5;164;12/09/15
9799;20;241;13/09/15
9800;10;294;13/09/15
9801;15;114;14/09/15
9802;7;245;14/09/15
9803;3;209;15/09/15
9804;6;275;15/09/15
9805;11;106;16/09/15
9806;5;176;17/09/15
9807;3;208;17/09/15
9808;17;307;17/09/15
9809;10;293;19/09/15
9810;7;274;19/09/15
9811;1;176;20/09/15
9812;13;114;20/09/15
9813;19;201;20/09/15
9814;11;275;21/09/15
9815;7;278;21/09/15
9816;7;131;23/09/15
9817;3;231;23/09/15
9818;12;127;23/09/15
9819;16;315;25/09/15
9820;20;275;25/09/15
9821;9;253;28/09/15
9822;3;315;28/09/15
9823;1;293;28/09/15
9824;20;293;29/09/15
9825;8;213;29/09/15
9826;16;195;2/10/15
9827;8;284;2/10/15
9828;2;189;2/10/15
9829;9;288;2/10/15
9830;4;215;2/10/15
9831;9;138;2/10/15
9832;1;259;2/10/15
9833;10;274;2/10/15
9834;7;301;2/10/15
9835;13;250;2/10/15
9836;13;140;2/10/15
9837;6;259;4/10/15
9838;5;221;5/10/15
9839;12;256;6/10/15
9840;17;292;11/10/15
9841;3;284;11/10/15
9842;17;300;11/10/15
9843;2;275;12/10/15
9844;17;280;12/10/15
9845;10;249;13/10/15
9846;4;210;13/10/15
9847;3;177;13/10/15
9848;5;315;14/10/15
9849;17;247;14/10/15
9850;10;144;15/10/15
9851;12;175;15/10/15
9852;9;149;16/10/15
9853;19;229;16/10/15
9854;3;287;16/10/15
9855;10;267;16/10/15
9856;4;138;17/10/15
9857;8;172;17/10/15
9858;9;126;18/10/15
9859;8;132;18/10/15
9860;12;248;18/10/15
9861;16;159;18/10/15
9862;16;274;18/10/15
9863;18;237;18/10/15
9864;17;292;19/10/15
9865;8;305;19/10/15
9866;9;265;19/10/15
9867;18;178;22/10/15
9868;15;139;22/10/15
9869;19;100;23/10/15
9870;18;106;24/10/15
9871;11;226;25/10/15
9872;6;280;25/10/15
9873;8;194;25/10/15
9874;2;266;26/10/15
9875;19;203;26/10/15
9876;8;157;26/10/15
9877;9;181;28/10/15
9878;11;222;28/10/15
9879;9;238;28/10/15
9880;4;291;28/10/15
9881;14;312;28/10/15
9882;7;249;29/10/15
9883;20;236;29/10/15
9884;11;262;30/10/15
9885;15;159;31/10/15
9886;1;114;31/10/15
9887;1;314;1/11/15
9888;18;163;1/11/15
9889;17;189;3/11/15
9890;9;181;3/11/15
9891;11;284;3/11/15
9892;10;170;3/11/15
9893;6;190;4/11/15
9894;16;103;4/11/15
9895;20;221;5/11/15
9896;3;174;5/11/15
9897;11;187;5/11/15
9898;15;189;5/11/15
9899;2;271;7/11/15
9900;9;297;7/11/15
9901;20;314;9/11/15
9902;9;203;9/11/15
9903;20;289;9/11/15
9904;13;314;9/11/15
9905;7;296;10/11/15
9906;17;117;10/11/15
9907;15;282;11/11/15
9908;6;189;12/11/15
9909;11;230;12/11/15
9910;2;306;13/11/15
9911;7;182;16/11/15
9912;14;152;16/11/15
9913;5;188;18/11/15
9914;15;195;18/11/15
9915;1;227;18/11/15
9916;20;112;19/11/15
9917;10;202;20/11/15
9918;10;262;20/11/15
9919;17;315;21/11/15
9920;12;149;21/11/15
9921;18;306;21/11/15
9922;19;122;21/11/15
9923;1;295;21/11/15
9924;6;198;22/11/15
9925;12;173;22/11/15
9926;16;201;23/11/15
9927;14;189;23/11/15
9928;17;110;25/11/15
9929;16;152;26/11/15
9930;17;269;29/11/15
9931;8;141;30/11/15
9932;1;280;30/11/15
9933;3;290;1/12/15
9934;6;207;1/12/15
9935;5;273;1/12/15
9936;1;134;1/12/15
9937;5;143;1/12/15
9938;8;222;1/12/15
9939;20;246;1/12/15
9940;2;230;2/12/15
9941;10;226;2/12/15
9942;7;131;2/12/15
9943;1;238;2/12/15
9944;12;291;2/12/15
9945;8;181;3/12/15
9946;10;223;3/12/15
9947;18;249;4/12/15
9948;12;244;5/12/15
9949;6;136;5/12/15
9950;18;167;5/12/15
9951;5;191;5/12/15
9952;14;244;6/12/15
9953;20;117;6/12/15
9954;3;226;8/12/15
9955;14;275;8/12/15
9956;1;165;9/12/15
9957;20;230;9/12/15
9958;5;153;10/12/15
9959;8;148;10/12/15
9960;16;123;10/12/15
9961;7;272;10/12/15
9962;18;318;10/12/15
9963;13;141;12/12/15
9964;5;261;12/12/15
9965;10;104;12/12/15
9966;10;240;12/12/15
9967;6;295;13/12/15
9968;3;271;14/12/15
9969;18;232;14/12/15
9970;12;195;14/12/15
9971;9;167;14/12/15
9972;12;211;16/12/15
9973;18;318;16/12/15
9974;10;110;16/12/15
9975;16;266;16/12/15
9976;5;203;17/12/15
9977;19;142;18/12/15
9978;20;305;18/12/15
9979;8;233;19/12/15
9980;15;236;19/12/15
9981;14;186;20/12/15
9982;5;140;20/12/15
9983;4;196;22/12/15
9984;3;209;22/12/15
9985;13;210;22/12/15
9986;2;119;22/12/15
9987;14;247;23/12/15
9988;11;227;23/12/15
9989;13;183;24/12/15
9990;2;209;24/12/15
9991;18;224;25/12/15
9992;15;308;25/12/15
9993;12;210;26/12/15
9994;8;111;26/12/15
9995;10;119;26/12/15
9996;8;122;26/12/15
9997;8;140;29/12/15
9998;18;273;30/12/15
9999;8;255;30/12/15
10000;20;259;30/12/15
